[[165118, 85467, 121490, 99474, 168836, 84931, 128562, 194635, 126425, 169063, ],
[47558, 132946, 23194, 121150, 187711, 102594, 66448, 31535, 116150, 198399, ],
[172894, 23328, 178453, 3690, 59687, 121519, 169577, 52471, 64954, 138720, ],
[27862, 197056, 68788, 191489, 61892, 107487, 23800, 141888, 152026, 116018, ],
[92345, 33169, 124562, 103817, 149472, 120824, 143146, 148174, 9744, 96089, ],
[151497, 131887, 103233, 105727, 143902, 143524, 192460, 125642, 192800, 189237, ],
[195951, 94568, 88087, 160480, 28988, 74020, 83944, 11175, 78880, 34135, ],
[7204, 140099, 118804, 138027, 196645, 111536, 114987, 21335, 65192, 96208, ],
[67642, 134500, 53424, 102951, 150114, 42352, 84210, 189392, 8972, 42690, ],
[19492, 21888, 189330, 100174, 46093, 110974, 41067, 85375, 2118, 171096, ],
[156194, 161105, 163053, 176292, 47966, 19829, 195400, 9306, 149020, 71368, ],
[54366, 14871, 83074, 5958, 50141, 131444, 130602, 128381, 25048, 178165, ],
[5462, 130989, 152596, 161888, 36158, 46085, 73060, 38738, 90253, 191795, ],
[140455, 121799, 1333, 110633, 102012, 11841, 165154, 150942, 80601, 166023, ],
[25877, 118222, 174953, 47465, 27016, 38290, 32546, 197157, 42519, 195623, ],
[120369, 16965, 8312, 22576, 44644, 149198, 67311, 101000, 183092, 47008, ],
[42535, 189931, 30514, 123604, 106108, 169641, 195378, 32808, 162723, 46364, ],
[122728, 40779, 18117, 48882, 106060, 3489, 101515, 78615, 41576, 36497, ],
[6388, 63596, 5684, 43880, 169976, 108109, 188570, 99034, 46594, 185642, ],
[96842, 161795, 153082, 43799, 48573, 118312, 111981, 9730, 161681, 192033, ],
[121405, 104791, 166331, 2065, 2788, 4424, 117825, 110113, 115041, 40252, ],
[73723, 67486, 157828, 58241, 11245, 26138, 118180, 197548, 149882, 128481, ],
[141077, 144911, 58843, 61836, 176871, 16066, 155664, 168698, 70968, 39414, ],
[105413, 164727, 155963, 194795, 155917, 15456, 122995, 128264, 31891, 142281, ],
[58626, 144791, 167751, 118928, 77561, 134172, 127582, 35802, 43477, 149244, ],
[180052, 101764, 88146, 108818, 89410, 75119, 165145, 156212, 20250, 52509, ],
[32634, 40816, 11476, 153744, 66251, 103236, 97254, 143433, 47575, 149182, ],
[36708, 71541, 82251, 146602, 19872, 194726, 67632, 187255, 75104, 129703, ],
[189869, 196364, 173316, 130220, 2711, 11462, 99070, 161436, 166637, 8011, ],
[159608, 7011, 9464, 148051, 2760, 94489, 72197, 193311, 93980, 3885, ],
[197933, 90571, 60291, 110030, 32876, 21996, 12366, 28440, 85235, 23390, ],
[160645, 3878, 150252, 30312, 165009, 123567, 147056, 158825, 195494, 149646, ],
[8830, 42887, 40546, 50187, 13304, 48334, 149245, 88297, 62471, 99673, ],
[13904, 57841, 98747, 169106, 185358, 77416, 193806, 128938, 122681, 62346, ],
[137959, 87813, 30259, 96036, 12834, 128847, 127926, 18185, 52280, 161102, ],
[199729, 26413, 49636, 11652, 164842, 122767, 57076, 89517, 101754, 187888, ],
[21476, 47639, 139111, 56650, 170740, 15092, 27962, 13673, 49823, 161891, ],
[9421, 140405, 93826, 17431, 92349, 16002, 158879, 22894, 186212, 113442, ],
[73940, 124788, 41957, 172591, 167672, 106913, 193271, 13262, 44909, 148979, ],
[170781, 54415, 111754, 60375, 173641, 140159, 1605, 120102, 95414, 180152, ],
[21193, 68056, 15589, 128433, 30953, 14105, 194397, 27160, 129435, 98200, ],
[127789, 73592, 164365, 161575, 41263, 95301, 193141, 3441, 120502, 142872, ],
[96957, 143753, 140845, 165677, 98397, 124406, 134768, 53098, 16042, 143583, ],
[170994, 199698, 36295, 156745, 146629, 47745, 121248, 176782, 126897, 148332, ],
[4013, 172116, 160505, 110643, 172163, 58123, 156190, 170194, 104018, 86804, ],
[123290, 152380, 7418, 183663, 35911, 126830, 139061, 42723, 192780, 87086, ],
[95654, 140015, 2157, 101643, 164633, 193592, 95778, 108932, 59177, 150326, ],
[136891, 45598, 109196, 197584, 95588, 1164, 183752, 62231, 168366, 67536, ],
[145021, 40358, 41576, 191020, 88994, 155117, 82702, 149114, 167820, 105532, ],
[136467, 196976, 20181, 41261, 27112, 41777, 111861, 66753, 180049, 182688, ],
[146419, 22241, 122286, 47034, 48243, 138833, 9095, 145225, 128623, 47453, ],
[90003, 182929, 140723, 57471, 104023, 108710, 77246, 124045, 42989, 186203, ],
[8761, 109011, 23874, 177634, 60723, 112970, 17584, 169148, 15124, 108982, ],
[163370, 76139, 150780, 159411, 99039, 197273, 16320, 76306, 148533, 57471, ],
[180384, 17006, 11496, 131845, 56968, 167538, 52473, 105106, 87711, 176132, ],
[48530, 147518, 91386, 52642, 18747, 62145, 68822, 126420, 69213, 14819, ],
[47020, 8582, 112450, 39308, 26560, 107656, 194362, 44459, 122516, 42494, ],
[163027, 94419, 196909, 97830, 113836, 118388, 139379, 132310, 56775, 139734, ],
[114290, 183558, 103098, 24141, 151244, 147006, 177330, 27959, 50198, 160586, ],
[85295, 151220, 103788, 53171, 75166, 41963, 186524, 189053, 98204, 60245, ],
[166021, 132645, 24666, 66414, 171269, 95123, 112330, 15115, 163388, 195972, ],
[99565, 11975, 24746, 140102, 129538, 1304, 49688, 99891, 21460, 97699, ],
[38322, 34999, 94360, 68164, 99811, 142473, 127699, 10706, 16941, 120127, ],
[39640, 77448, 158847, 101549, 34326, 70811, 98625, 103272, 53069, 126704, ],
[7299, 36926, 82520, 149419, 23543, 199037, 190900, 109545, 136835, 190844, ],
[8426, 132731, 80061, 169767, 150767, 66442, 45597, 119980, 59834, 179277, ],
[105102, 112355, 134239, 2532, 126272, 103347, 31331, 72916, 177955, 39188, ],
[103958, 98080, 192250, 109648, 113628, 72887, 142703, 23942, 13649, 136707, ],
[148765, 109353, 5410, 7688, 68018, 172709, 77198, 109330, 62288, 149542, ],
[186982, 104437, 189946, 31795, 82477, 30228, 159036, 143531, 159026, 33794, ],
[21832, 60622, 68951, 186300, 104329, 4171, 1125, 29585, 161950, 184673, ],
[172069, 184152, 44764, 180331, 132905, 126727, 22097, 62471, 13867, 114728, ],
[105583, 136204, 153193, 27489, 101717, 120066, 137125, 74834, 19488, 109614, ],
[160010, 30052, 68032, 157862, 173388, 67964, 100449, 36008, 17034, 194940, ],
[19362, 192201, 117736, 191164, 102184, 55644, 86629, 74459, 6721, 5993, ],
[57181, 165672, 7317, 85829, 42314, 122375, 154008, 124713, 60046, 44290, ],
[169213, 162573, 97464, 142657, 198211, 39775, 183568, 111171, 192406, 46300, ],
[97555, 13264, 191387, 170371, 6736, 104848, 140787, 161643, 189682, 10477, ],
[181014, 182124, 38735, 50329, 189116, 173364, 177148, 59921, 33674, 127564, ],
[187529, 192397, 133172, 117839, 169437, 135868, 154010, 15564, 160061, 174348, ],
[158294, 100925, 51314, 122144, 33641, 198409, 29636, 101387, 27755, 165230, ],
[196785, 41286, 94105, 152608, 73406, 30481, 122598, 166231, 190602, 136481, ],
[60442, 92468, 99856, 18313, 98971, 133467, 24686, 129194, 43033, 170873, ],
[69667, 107800, 124801, 198643, 167464, 184369, 84402, 79907, 22264, 142906, ],
[123637, 132172, 23339, 39818, 183203, 90511, 187972, 152594, 60534, 36711, ],
[61521, 192103, 151488, 174549, 177555, 34558, 81072, 9112, 144163, 23875, ],
[193411, 129714, 197465, 111325, 61118, 9273, 84487, 106913, 146300, 172804, ],
[98217, 176208, 11816, 88482, 72824, 85143, 94873, 109995, 17835, 34295, ],
[182912, 113659, 71874, 82025, 81902, 39822, 50307, 113551, 56110, 195244, ],
[125203, 85250, 116379, 53734, 91384, 36210, 121722, 121859, 135681, 45896, ],
[14992, 149584, 12538, 164661, 126683, 104631, 64664, 195153, 176660, 149794, ],
[57844, 88399, 82469, 164127, 157906, 104775, 144190, 80345, 137373, 173047, ],
[103321, 96793, 136681, 165062, 134931, 155405, 154079, 75834, 82111, 30649, ],
[162379, 198774, 151611, 36603, 137209, 1870, 144083, 4129, 156098, 173183, ],
[57612, 144349, 75448, 41319, 23825, 135740, 144124, 157035, 145229, 135916, ],
[67615, 1227, 69107, 179650, 158837, 47810, 85930, 58254, 54611, 194948, ],
[147444, 164907, 90545, 96101, 29405, 57881, 59138, 87268, 7775, 141489, ],
[191666, 110751, 17866, 10869, 39187, 41734, 189929, 2863, 38741, 48608, ],
[14238, 104990, 140946, 144950, 148027, 185626, 129225, 182556, 74327, 52775, ],
[91846, 114237, 20738, 101654, 187699, 154118, 122647, 165537, 148098, 128107, ],
[46511, 7084, 18608, 105567, 135748, 87592, 128834, 45611, 105021, 194192, ],
[185139, 118306, 183443, 150055, 187762, 135713, 1205, 81545, 196099, 152028, ],
[119417, 90366, 42896, 140964, 76997, 7024, 176486, 18950, 101508, 55883, ],
[142055, 54444, 94072, 70077, 164284, 47504, 67228, 34890, 193388, 170423, ],
[183951, 77814, 36316, 30200, 37647, 151366, 142152, 7384, 155917, 84230, ],
[89533, 64294, 189929, 128595, 95830, 14330, 171400, 130675, 74140, 82832, ],
[163512, 71313, 155439, 9516, 51561, 179202, 26033, 74186, 52242, 160958, ],
[142161, 95830, 73129, 149501, 160536, 184267, 64294, 52986, 46679, 64891, ],
[108125, 134258, 54751, 161313, 1147, 15992, 155511, 133581, 9895, 142446, ],
[191724, 77625, 47575, 35860, 161335, 9659, 63987, 103231, 122480, 58512, ],
[41100, 161707, 135857, 158595, 5, 182457, 130, 148213, 135917, 145113, ],
[122750, 2065, 197377, 107, 46776, 194016, 166332, 5865, 97017, 146241, ],
[171049, 44836, 174938, 182534, 48191, 10317, 184050, 137951, 78046, 69499, ],
[171969, 82259, 102222, 148198, 35967, 50798, 104591, 143205, 65512, 190290, ],
[124517, 168007, 185060, 32930, 174833, 156679, 68960, 186003, 33616, 108629, ],
[3208, 148857, 90477, 190862, 76606, 161574, 88828, 143457, 50699, 196481, ],
[71319, 14881, 40172, 164999, 736, 46120, 181547, 83510, 143685, 169927, ],
[1048, 18921, 119151, 143207, 188509, 24729, 189172, 7716, 126300, 196322, ],
[189352, 198564, 148906, 106380, 126722, 14125, 86223, 35283, 195876, 79345, ],
[53669, 78253, 122447, 163980, 144496, 136148, 50986, 108526, 108335, 175795, ],
[104997, 156692, 94924, 6082, 145862, 61501, 186723, 170168, 159795, 197459, ],
[166967, 130179, 146304, 149502, 16097, 61328, 166569, 158926, 29615, 56996, ],
[44428, 67964, 141458, 135277, 116424, 155043, 194997, 197580, 195561, 122560, ],
[56204, 157373, 142851, 155845, 56003, 2645, 181648, 48411, 172903, 18385, ],
[99391, 33668, 135055, 166348, 169275, 131602, 198217, 148503, 59154, 46696, ],
[151390, 171785, 75853, 151366, 122453, 168953, 111834, 13998, 102411, 69564, ],
[72230, 118000, 160089, 64017, 32702, 130494, 72342, 192773, 161361, 93783, ],
[114510, 49999, 34890, 102113, 60702, 10837, 47299, 166216, 48633, 57578, ],
[116511, 83498, 30015, 51940, 5523, 177826, 194945, 25314, 149229, 91978, ],
[28917, 164655, 86421, 144577, 1786, 41300, 139775, 197732, 184332, 45731, ],
[102833, 167992, 180683, 50042, 39771, 33089, 56983, 47427, 102743, 30752, ],
[32835, 158415, 199161, 91596, 6593, 40469, 26201, 138415, 131157, 138760, ],
[51405, 51436, 162232, 196479, 158738, 57169, 13905, 144018, 103468, 22441, ],
[29715, 158089, 59826, 107605, 198540, 19735, 193490, 31811, 43208, 9131, ],
[8861, 122958, 160542, 149149, 70131, 31371, 61558, 22069, 115459, 134384, ],
[156576, 175774, 116572, 62803, 52401, 15156, 100002, 111993, 21892, 110607, ],
[63706, 93541, 59322, 134404, 8686, 198487, 103035, 139136, 75877, 13154, ],
[81119, 121268, 30596, 12936, 31600, 103705, 137690, 154851, 61620, 166609, ],
[159177, 23348, 145415, 34286, 78264, 45814, 69746, 151727, 57395, 60917, ],
[14213, 76067, 59314, 171344, 153495, 182715, 45533, 64657, 125948, 189642, ],
[169545, 98284, 151675, 48035, 71319, 160194, 27220, 83822, 11649, 189448, ],
[84136, 135411, 29001, 13058, 39997, 33853, 180892, 185374, 180355, 165035, ],
[160603, 36089, 187196, 113323, 33184, 141136, 147733, 139595, 137199, 32223, ],
[84395, 142724, 164052, 51811, 33524, 14247, 73570, 163114, 121831, 108402, ],
[138347, 156657, 163927, 105300, 197732, 66575, 127156, 16624, 6764, 16521, ],
[81759, 113335, 39379, 4281, 153233, 56767, 160255, 24824, 135836, 131592, ],
[9814, 74065, 53861, 48181, 156835, 3039, 16732, 175060, 153191, 94351, ],
[95766, 58795, 10889, 53746, 30111, 88726, 18357, 166078, 46582, 146602, ],
[108978, 168230, 32086, 23441, 140149, 198774, 85804, 71636, 136372, 114080, ],
[129790, 38509, 98750, 144101, 115796, 33802, 147002, 134086, 190629, 30674, ],
[80689, 927, 195254, 40506, 27649, 24249, 8809, 74657, 31795, 141948, ],
[74650, 150252, 80208, 147056, 53389, 4306, 193587, 198052, 94672, 49560, ],
[104612, 78566, 59961, 138176, 54624, 2778, 71734, 184124, 12603, 122300, ],
[41141, 159527, 142504, 85266, 119241, 52497, 109916, 153899, 61909, 683, ],
[75898, 66339, 19694, 58668, 25663, 57272, 146634, 134696, 198609, 5746, ],
[138277, 143777, 141040, 167604, 31114, 64434, 59203, 6987, 33205, 3827, ],
[135345, 112350, 38770, 99511, 34341, 162451, 77381, 69841, 106959, 60063, ],
[110991, 88771, 193092, 65200, 10132, 89633, 150428, 59459, 50973, 57112, ],
[92226, 2292, 112277, 26016, 28678, 20401, 85060, 50959, 134927, 135800, ],
[180836, 120093, 147607, 7863, 55377, 51867, 169403, 94018, 96056, 99593, ],
[105532, 7477, 88397, 74279, 62138, 106103, 27715, 67035, 113883, 48882, ],
[97704, 68219, 137125, 74834, 150422, 101654, 110775, 115980, 191684, 149509, ],
[185649, 5550, 105822, 123177, 175298, 75601, 169896, 55103, 19247, 152588, ],
[75553, 193678, 145836, 36274, 64341, 23875, 140912, 161865, 124553, 62525, ],
[161013, 24878, 62642, 153065, 121383, 114963, 127102, 10670, 123666, 94713, ],
[22538, 683, 147090, 20188, 78349, 169501, 1588, 98595, 120477, 45170, ],
[197657, 66050, 136815, 115858, 109321, 63086, 38584, 141307, 150479, 111160, ],
[113577, 121582, 39785, 33283, 24519, 184849, 103121, 170756, 14624, 22071, ],
[84482, 131790, 152737, 143692, 73305, 88290, 34935, 96585, 64137, 71658, ],
[114313, 130151, 67034, 78065, 102120, 17458, 47112, 155177, 72549, 127847, ],
[137955, 139968, 10609, 132145, 195581, 37449, 20127, 179897, 24182, 199193, ],
[150512, 49114, 7385, 16357, 36158, 186448, 9527, 6864, 110295, 37582, ],
[23039, 9145, 90635, 69641, 42026, 62769, 174831, 9062, 11022, 37362, ],
[145641, 116840, 59976, 133828, 166871, 166442, 76588, 23610, 183184, 194104, ],
[174666, 153859, 185924, 33387, 66923, 130723, 117556, 111351, 137508, 139644, ],
[111179, 166981, 122859, 172562, 139647, 156750, 33249, 162528, 178304, 38663, ],
[123901, 170470, 33192, 161882, 121969, 138334, 75678, 138303, 9471, 64129, ],
[5211, 116693, 105474, 81913, 9605, 16650, 115090, 34641, 55602, 55979, ],
[47302, 138142, 129191, 34522, 34700, 100551, 97135, 166078, 122134, 115259, ],
[134499, 151438, 24428, 181556, 180714, 108577, 51393, 124100, 40667, 124179, ],
[152285, 170937, 77278, 118581, 6346, 139176, 68563, 135595, 137405, 145015, ],
[52429, 93768, 163142, 44423, 22349, 150377, 141966, 78786, 2565, 139277, ],
[150956, 49264, 122096, 101691, 120218, 142208, 185876, 137559, 161841, 26977, ],
[59236, 76391, 7142, 33299, 9451, 82498, 23932, 191235, 121856, 87694, ],
[118388, 196909, 100160, 160124, 163027, 97830, 169670, 20588, 170984, 176384, ],
[190236, 135052, 171037, 189763, 173046, 77908, 148554, 124752, 57182, 38563, ],
[72851, 80212, 308, 37882, 67157, 107862, 51, 137022, 24719, 74712, ],
[148767, 44300, 32933, 149872, 46964, 77666, 46421, 57315, 16374, 103932, ],
[175084, 110895, 158266, 1408, 117813, 9828, 49537, 135814, 111187, 130952, ],
[14579, 54221, 20023, 197449, 95080, 197221, 184138, 171671, 101917, 46438, ],
[37482, 152590, 149308, 159569, 108573, 167907, 55530, 99554, 129404, 193271, ],
[151780, 127947, 142241, 166888, 85206, 49069, 28453, 122278, 97186, 4286, ],
[71164, 8326, 137151, 165659, 98357, 120042, 118000, 98712, 192522, 62105, ],
[137364, 22364, 23023, 111854, 143774, 53850, 196747, 120108, 194099, 25555, ],
[70868, 65281, 122643, 169322, 30250, 197377, 185873, 75153, 69493, 119038, ],
[21532, 179090, 139508, 135322, 125729, 168953, 114985, 161853, 7919, 141333, ],
[30376, 14664, 193394, 191993, 63561, 92463, 82977, 64717, 160227, 43744, ],
[34340, 137229, 132221, 115107, 44339, 99797, 46936, 166142, 142077, 169335, ],
[74650, 150252, 80208, 147056, 53389, 4306, 193587, 198052, 94672, 49560, ],
[149130, 168884, 34876, 118974, 98989, 192698, 109048, 155273, 88384, 163918, ],
[3517, 123667, 146530, 64076, 23122, 61901, 84291, 165278, 37704, 87085, ],
[140211, 13944, 123066, 90157, 11874, 98382, 53122, 30795, 113875, 182704, ],
[78616, 173232, 108431, 111044, 52802, 193298, 78500, 122454, 18832, 75725, ],
[126507, 88309, 131134, 152562, 173463, 175077, 194792, 109886, 197525, 5962, ],
[161087, 116648, 81072, 58208, 82521, 106051, 96284, 1579, 41, 123369, ],
[92463, 145591, 153998, 182187, 40146, 13478, 26348, 60444, 64809, 91453, ],
[196308, 103446, 56374, 138354, 104624, 121235, 101314, 174966, 126830, 120431, ],
[116478, 49245, 149925, 21765, 85405, 102235, 122313, 60044, 182569, 91392, ],
[155753, 174181, 172807, 42364, 146549, 52202, 14270, 141665, 94269, 176982, ],
[17861, 119519, 53604, 17521, 36858, 195401, 177938, 123021, 193478, 100430, ],
[18774, 13000, 62403, 149738, 29855, 146829, 168336, 2620, 77749, 192422, ],
[119122, 94381, 587, 34654, 58446, 109993, 138468, 14725, 175651, 3048, ],
[29174, 188244, 193305, 194009, 43512, 184474, 136588, 145016, 111551, 60216, ],
[88643, 161536, 113535, 138902, 186017, 79135, 108750, 100078, 23120, 46914, ],
[142537, 115002, 196931, 61740, 107998, 106415, 195991, 53747, 68749, 47899, ],
[61328, 151167, 59151, 172907, 13241, 187896, 54113, 199571, 15340, 113846, ],
[11785, 172970, 120197, 9716, 12329, 3812, 41317, 27279, 74691, 153943, ],
[156290, 52458, 120891, 195475, 10490, 28745, 75091, 83465, 78632, 80479, ],
[40354, 81647, 129731, 133193, 124713, 152994, 51144, 30236, 78637, 26552, ],
[183967, 124983, 173404, 151162, 192298, 123606, 94708, 191684, 93922, 133696, ],
[49968, 145800, 135239, 189127, 138641, 43613, 134203, 174222, 32709, 64953, ],
[69633, 101286, 11063, 57970, 144989, 146906, 135638, 166080, 135578, 133540, ],
[14212, 22930, 79843, 96813, 70679, 43562, 121170, 167276, 110838, 52108, ],
[95844, 85398, 90585, 123558, 154599, 31922, 164492, 13005, 183247, 35849, ],
[31201, 117963, 176032, 179797, 155534, 74851, 156884, 90506, 81215, 3451, ],
[156033, 132458, 151746, 43722, 24590, 49646, 84864, 74919, 18406, 50375, ],
[94747, 172992, 193007, 31782, 69773, 55431, 13545, 85837, 68836, 114800, ],
[171708, 175680, 122965, 180825, 22620, 177671, 128531, 10009, 175660, 87468, ],
[75284, 72245, 127328, 121670, 194128, 13002, 100033, 113927, 108266, 121971, ],
[100556, 183119, 67632, 168017, 11758, 35170, 146602, 190912, 77406, 71541, ],
[148857, 176325, 11744, 10311, 6541, 154162, 172704, 116566, 117744, 127630, ],
[145007, 167719, 65762, 126166, 161092, 45851, 101933, 187423, 149185, 86632, ],
[100044, 59226, 93969, 169341, 163753, 178604, 13673, 85709, 181708, 115410, ],
[120941, 95252, 68324, 118338, 20950, 94764, 116005, 98530, 178740, 182391, ],
[8822, 29302, 114968, 137860, 142307, 26803, 29377, 40202, 48273, 165870, ],
[52970, 154, 75206, 98250, 78732, 189364, 183863, 183141, 97573, 85721, ],
[185044, 196485, 2080, 188961, 115771, 6872, 63596, 122367, 161552, 42037, ],
[135463, 85845, 63830, 32205, 156972, 186378, 3292, 171114, 175522, 50312, ],
[57181, 85829, 68638, 12301, 184621, 171930, 147204, 167960, 165672, 183783, ],
[34298, 163916, 189182, 177344, 99862, 52948, 153374, 40, 35048, 6794, ],
[62030, 73864, 20990, 22581, 157829, 98331, 184641, 161405, 181333, 113995, ],
[108993, 47060, 127989, 21054, 30987, 4123, 10653, 179496, 79989, 32867, ],
[184499, 169607, 85862, 100397, 9738, 124269, 174310, 5726, 123407, 174683, ],
[76281, 181648, 132607, 35175, 175650, 28278, 116847, 14713, 152993, 27580, ],
[31566, 44473, 19353, 129527, 118337, 133227, 97447, 18951, 99673, 83973, ],
[144985, 43891, 199698, 10534, 18140, 192665, 56333, 91124, 10571, 36265, ],
[178113, 80384, 164127, 95942, 52752, 49190, 75727, 188252, 123319, 134082, ],
[2774, 175826, 48687, 50945, 43814, 137901, 94258, 119810, 128332, 137914, ],
[134479, 123880, 24328, 165550, 118897, 156381, 195416, 37877, 92020, 174399, ],
[21778, 20894, 134646, 143554, 1934, 84183, 36488, 138254, 144659, 7481, ],
[133802, 39212, 106477, 17988, 37899, 173842, 64386, 175578, 198338, 111344, ],
[108291, 92156, 47912, 180064, 199722, 11936, 180538, 98678, 62456, 79321, ],
[140747, 65941, 64956, 148923, 101776, 81880, 72017, 80833, 199757, 128693, ],
[115007, 148222, 92433, 137155, 123775, 198935, 185901, 130228, 153197, 92887, ],
[115771, 17695, 5692, 60729, 138142, 160383, 1676, 25576, 71301, 47849, ],
[114316, 111180, 114585, 21327, 152399, 89413, 166220, 112085, 35575, 14891, ],
[60702, 12320, 124181, 46752, 50219, 153153, 114510, 730, 67228, 39895, ],
[119344, 85253, 125870, 18174, 154118, 65509, 25053, 1572, 181308, 126426, ],
[172924, 94810, 165604, 6854, 5170, 113068, 4123, 41648, 134516, 32338, ],
[164140, 40847, 152651, 67204, 97344, 37021, 111634, 192638, 148727, 120172, ],
[69715, 7030, 194221, 70421, 24824, 33623, 139651, 38287, 78555, 99060, ],
[22720, 123318, 52138, 81282, 179671, 189881, 109423, 51980, 2323, 1653, ],
[110560, 146993, 183172, 24249, 174809, 123021, 23675, 44298, 107942, 55769, ],
[8879, 117440, 183459, 118870, 73547, 184546, 4866, 180107, 109684, 123695, ],
[188263, 23742, 198052, 60690, 180985, 90341, 151021, 23106, 29013, 124873, ],
[62807, 54516, 59109, 186912, 174344, 47022, 94563, 195728, 115131, 23414, ],
[56082, 198818, 184576, 115015, 175355, 115224, 96687, 199677, 175347, 89202, ],
[196036, 106740, 134515, 184546, 86606, 22684, 92503, 37974, 52101, 78200, ],
[66627, 50198, 183563, 91094, 162996, 197410, 165110, 5625, 185473, 118203, ],
[159817, 33771, 167969, 86211, 31702, 35938, 187416, 80173, 57489, 111177, ],
[127068, 187157, 69248, 174515, 137409, 80912, 111885, 71618, 15305, 103842, ],
[194465, 117111, 188247, 17771, 43314, 163919, 42566, 70292, 152931, 54340, ],
[1258, 16672, 185394, 153481, 96963, 111200, 24991, 29979, 1688, 40555, ],
[154695, 105068, 4075, 176924, 21055, 144855, 120461, 178566, 91840, 25832, ],
[134402, 115042, 83617, 17058, 11698, 96970, 162725, 45533, 130167, 182715, ],
[39748, 130552, 135801, 81796, 130610, 61338, 98158, 171787, 14478, 131905, ],
[161632, 66030, 43916, 127811, 17646, 96887, 90904, 190897, 118756, 108162, ],
[10407, 69101, 119298, 140177, 17044, 93459, 89991, 3361, 102177, 368, ],
[139991, 195580, 22820, 101333, 156444, 83695, 69163, 7431, 187882, 26465, ],
[54267, 67660, 164338, 65941, 191209, 82394, 70394, 19309, 104171, 138609, ],
[158193, 151923, 192773, 185774, 148821, 195447, 114282, 75231, 130494, 72379, ],
[68365, 31504, 43744, 138555, 117674, 4464, 107022, 59421, 190327, 16773, ],
[153412, 173498, 44615, 57657, 81521, 194243, 143671, 90872, 199284, 190480, ],
[141892, 32239, 131737, 178307, 121799, 102747, 75003, 183247, 64395, 107689, ],
[96485, 25670, 158853, 121915, 27552, 4691, 31280, 49138, 76300, 148251, ],
[93959, 7367, 126126, 71060, 146407, 146152, 163603, 124314, 186660, 17097, ],
[114440, 80390, 15737, 28383, 96756, 31862, 158935, 154257, 25322, 29775, ],
[141455, 26514, 104316, 25408, 182052, 129258, 98944, 30627, 75624, 124165, ],
[138938, 59761, 45798, 169093, 709, 13314, 134086, 42494, 166895, 51461, ],
[106210, 10308, 123035, 93570, 182515, 28189, 2962, 100821, 107703, 22029, ],
[148469, 90821, 177742, 112924, 18925, 180945, 118244, 109803, 127996, 177977, ],
[95819, 116285, 171196, 144583, 87192, 71859, 115007, 90954, 70707, 135252, ],
[148835, 150899, 45667, 167289, 13296, 187126, 124228, 173533, 3727, 138382, ],
[115420, 158984, 56493, 185581, 90533, 65450, 172489, 74620, 18860, 108289, ],
[152546, 48587, 166527, 99477, 145862, 51993, 54867, 90225, 159036, 97092, ],
[118341, 193891, 74903, 138989, 50368, 197579, 150627, 22130, 195107, 96029, ],
[16935, 157259, 173179, 53282, 198700, 55167, 3826, 145377, 197194, 2454, ],
[148212, 95464, 166609, 94162, 19164, 169433, 63625, 10160, 66934, 12658, ],
[142605, 74822, 74269, 103009, 41300, 6328, 64129, 156657, 133931, 196990, ],
[88035, 167667, 4297, 130905, 103809, 22163, 185565, 89995, 82832, 13257, ],
[48654, 127022, 172376, 80374, 69499, 198632, 185423, 194676, 84524, 109914, ],
[888, 123918, 10536, 90545, 108891, 187350, 134451, 66460, 174404, 51271, ],
[119417, 93471, 188145, 144716, 141505, 130848, 144911, 69082, 142602, 97907, ],
[133904, 54108, 104603, 93202, 189118, 102278, 53439, 156169, 160286, 7338, ],
[33780, 18205, 155742, 40232, 64089, 27854, 160311, 28602, 49834, 181768, ],
[171493, 37272, 43957, 12005, 107472, 150914, 122997, 159015, 190091, 175405, ],
[189066, 115217, 182977, 180756, 97945, 49355, 83510, 21160, 153757, 151675, ],
[89730, 198324, 156968, 108948, 142748, 86052, 131844, 178826, 45782, 108303, ],
[173383, 65689, 1535, 73215, 62966, 41630, 8974, 181794, 196650, 164859, ],
[82373, 107793, 171974, 13262, 39822, 162601, 74198, 81195, 9830, 106027, ],
[105138, 55609, 182804, 159655, 5564, 160040, 189442, 80029, 71933, 169261, ],
[165680, 98509, 152644, 120859, 160524, 171864, 158723, 54562, 37850, 104138, ],
[197454, 147973, 95609, 86641, 109889, 91209, 2600, 163043, 17342, 170420, ],
[116661, 180616, 116896, 131003, 115765, 80793, 8876, 100645, 130118, 31076, ],
[101356, 177308, 58654, 106817, 114748, 28833, 13760, 86656, 171900, 95580, ],
[71078, 153782, 64966, 88060, 186844, 173996, 107315, 737, 2608, 141772, ],
[92579, 81633, 77955, 36725, 157827, 53836, 157625, 2358, 189379, 89004, ],
[27751, 179801, 109425, 96858, 186200, 140463, 26946, 83153, 112654, 160602, ],
[171023, 45423, 177618, 51480, 68374, 50947, 162051, 71097, 105854, 7453, ],
[57612, 145229, 148799, 157035, 109175, 171096, 81792, 11444, 168053, 23825, ],
[43733, 196312, 172563, 56348, 177548, 104943, 26851, 90581, 1055, 198412, ],
[8065, 41777, 61262, 117934, 141418, 75961, 123241, 29918, 134061, 76954, ],
[152655, 5916, 164578, 84214, 50221, 109498, 130640, 192591, 26355, 94685, ],
[144405, 95017, 191684, 91156, 39229, 4279, 101432, 85475, 48559, 28469, ],
[10495, 162784, 65565, 80792, 88227, 90338, 56108, 113299, 98879, 185480, ],
[48877, 60246, 123633, 59459, 79800, 109889, 191180, 86641, 88704, 4622, ],
[168047, 121268, 65376, 9348, 31600, 171850, 94162, 57171, 57348, 43556, ],
[104978, 136880, 183920, 180994, 97539, 3004, 40698, 167394, 136600, 101049, ],
[168112, 10527, 2526, 166184, 58396, 79479, 24054, 170994, 178390, 62181, ],
[21557, 44292, 171352, 76947, 121706, 149818, 123066, 167916, 125140, 166212, ],
[84847, 131340, 95737, 144950, 46914, 55198, 40525, 134460, 185732, 185488, ],
[43553, 193642, 151045, 186407, 177326, 53257, 95970, 42839, 33868, 37872, ],
[161416, 168598, 42972, 35227, 128275, 144585, 94106, 192097, 24130, 22275, ],
[38944, 164863, 131265, 194818, 111654, 31893, 79002, 25500, 159368, 142767, ],
[162784, 96449, 139745, 135243, 199698, 119576, 56203, 78180, 156745, 122469, ],
[33436, 165929, 116859, 10995, 78669, 82643, 119917, 37419, 40701, 71880, ],
[35547, 162828, 92788, 29242, 32050, 194708, 140680, 71882, 30253, 24100, ],
[158604, 88698, 162152, 157944, 192801, 70727, 185577, 123438, 31381, 82385, ],
[55090, 92192, 32838, 96778, 148692, 77813, 124353, 119084, 100655, 19806, ],
[11324, 128217, 158045, 34196, 3578, 122750, 42718, 147109, 146241, 37354, ],
[47373, 68681, 95795, 36340, 184263, 93436, 117954, 29601, 72547, 52825, ],
[146892, 92561, 32340, 22051, 136517, 111406, 163486, 126257, 2764, 105981, ],
[14754, 33505, 1990, 54108, 37136, 123693, 112311, 181251, 93221, 181690, ],
[145166, 103996, 197702, 99112, 51306, 59441, 111956, 32933, 168996, 50760, ],
[178433, 107665, 82515, 124579, 19765, 135921, 153958, 74190, 167069, 168238, ],
[147267, 134710, 15083, 101138, 183569, 66894, 135238, 164850, 95538, 128915, ],
[136738, 136522, 128858, 147019, 104268, 91848, 167513, 70095, 55281, 67635, ],
[165799, 42432, 138567, 107755, 64047, 91066, 31808, 97224, 116148, 82929, ],
[195696, 136817, 170688, 174730, 123385, 51546, 186208, 196999, 68653, 171, ],
[98094, 171832, 41777, 8065, 58639, 140111, 7253, 42449, 26543, 12077, ],
[3571, 185878, 63094, 135766, 47871, 3375, 96426, 13746, 6194, 62851, ],
[136528, 7838, 51642, 10046, 90466, 169291, 180118, 190762, 11388, 76755, ],
[31623, 27580, 164484, 121236, 30575, 78526, 158982, 134909, 112646, 57186, ],
[150245, 5547, 81531, 15105, 110115, 198636, 177202, 158397, 145285, 131857, ],
[111195, 37075, 92514, 163462, 110744, 171082, 130371, 103777, 147103, 25119, ],
[62261, 15340, 57581, 57970, 20150, 199571, 153777, 5704, 190032, 69633, ],
[23670, 104016, 111364, 169548, 128596, 142004, 118200, 159749, 27557, 13962, ],
[86912, 29244, 43383, 161817, 30892, 123906, 77971, 144538, 152227, 125130, ],
[148655, 53679, 49020, 91610, 3564, 51651, 46432, 136392, 70669, 169140, ],
[158049, 109785, 143513, 112921, 20866, 122655, 21909, 156526, 1419, 39156, ],
[22868, 55384, 59653, 125157, 101948, 34855, 151243, 183473, 99511, 178530, ],
[157220, 48460, 50886, 21244, 127128, 55357, 36525, 109229, 32205, 103772, ],
[164186, 159195, 171084, 110442, 152695, 47284, 88081, 84873, 114282, 144457, ],
[109360, 67053, 150961, 24096, 814, 11770, 27929, 48608, 144680, 174647, ],
[39085, 98893, 163927, 172726, 58610, 69697, 133797, 40877, 169443, 68697, ],
[28802, 27363, 121026, 120836, 177436, 22207, 100386, 23023, 48608, 191666, ],
[20684, 47055, 165294, 7391, 107077, 153464, 121825, 98663, 129868, 193478, ],
[73728, 136173, 4200, 119241, 29062, 41317, 105043, 114158, 77622, 72009, ],
[156784, 197603, 180440, 122096, 183744, 53031, 178360, 3451, 32088, 164494, ],
[14822, 156914, 193759, 189593, 197037, 72856, 133395, 148502, 114902, 166297, ],
[274, 81532, 123694, 109948, 49066, 10949, 13106, 55965, 78576, 71323, ],
[109914, 127022, 13675, 147255, 190154, 185423, 79143, 7262, 80288, 150880, ],
[1832, 12854, 7979, 59746, 106744, 30711, 169708, 72594, 104166, 171521, ],
[191485, 154994, 28050, 195669, 47630, 59284, 78264, 146254, 22068, 14240, ],
[63733, 176747, 144035, 78053, 166120, 142636, 55100, 173545, 98883, 6135, ],
[59154, 81236, 25826, 45812, 189983, 93370, 77732, 188023, 179819, 96064, ],
[85138, 35339, 84893, 54218, 60817, 17158, 173990, 17001, 13682, 141107, ],
[22504, 104492, 96427, 195185, 126482, 196233, 115492, 134691, 91816, 140111, ],
[175688, 151249, 163451, 165891, 82253, 38160, 110487, 18449, 40993, 152453, ],
[122017, 96893, 96275, 98740, 71079, 74645, 21396, 66892, 101770, 1014, ],
[115931, 19566, 61040, 94078, 137160, 139755, 174937, 17033, 189760, 19108, ],
[84574, 49753, 7605, 90079, 168422, 191869, 197024, 120018, 154200, 44283, ],
[112529, 44575, 39175, 170625, 6262, 199319, 189330, 123322, 33702, 178127, ],
[144496, 104336, 32920, 123023, 122406, 30190, 53669, 127899, 91884, 41553, ],
[115076, 64994, 108123, 24942, 83383, 88832, 168906, 137810, 52136, 88192, ],
[72061, 193327, 96322, 185560, 168025, 141310, 138135, 75310, 64978, 32363, ],
[61836, 176871, 660, 13489, 141077, 69033, 144911, 80741, 127163, 58044, ],
[87526, 190407, 121156, 12035, 184930, 179957, 33754, 173084, 92253, 79926, ],
[33257, 172760, 97211, 125304, 101821, 37939, 20132, 80603, 199118, 194539, ],
[87854, 190602, 118653, 198711, 143317, 155654, 144443, 105586, 55606, 38506, ],
[133573, 9469, 81949, 96253, 97829, 151708, 149239, 61027, 101286, 51235, ],
[162378, 135066, 74769, 199457, 17970, 181004, 39523, 16457, 185794, 62937, ],
[165755, 102471, 59787, 112659, 195553, 165785, 34449, 41257, 75110, 3108, ],
[163373, 12338, 86252, 169376, 147436, 46027, 26081, 137059, 191158, 88475, ],
[184628, 131818, 6215, 55617, 167256, 13856, 19893, 150631, 90442, 1208, ],
[179590, 138923, 53122, 113875, 70965, 7778, 49915, 60723, 188377, 44292, ],
[69736, 159025, 61667, 48460, 80102, 42181, 95691, 8869, 139181, 103981, ],
[126672, 24462, 196891, 183848, 179521, 50948, 198873, 157051, 157694, 98535, ],
[23920, 176556, 52634, 113672, 139632, 127163, 89186, 96784, 36446, 140688, ],
[16466, 85892, 111956, 28113, 67448, 20843, 159389, 147593, 183067, 149244, ],
[77439, 26198, 58193, 114616, 16663, 180167, 55727, 135737, 66480, 165005, ],
[174591, 35444, 177935, 47773, 36956, 110891, 47798, 6020, 146898, 29423, ],
[70682, 164444, 85374, 185639, 48320, 90284, 67298, 56226, 145503, 46222, ],
[170108, 157672, 1682, 61603, 180515, 161805, 178786, 30243, 47048, 190568, ],
[190054, 55246, 83267, 5088, 96191, 56518, 43890, 57461, 158882, 107811, ],
[57253, 130147, 6335, 87773, 163075, 141305, 30819, 97573, 72682, 28317, ],
[177555, 61521, 151488, 127490, 40229, 181292, 60290, 293, 193146, 33093, ],
[96077, 83094, 120232, 161044, 166727, 24631, 18025, 159276, 14931, 70293, ],
[141556, 116011, 197745, 169884, 132253, 64889, 88569, 50042, 36385, 154793, ],
[80174, 22030, 2054, 194676, 10818, 184050, 6182, 6747, 79934, 24942, ],
[37937, 113005, 78960, 30971, 175480, 3653, 190763, 148804, 7193, 93342, ],
[168958, 123089, 16025, 153756, 27301, 162278, 100501, 12496, 182803, 183057, ],
[196595, 84501, 39048, 151161, 149763, 149165, 182641, 117253, 128434, 134433, ],
[136173, 19903, 4209, 74691, 132583, 69370, 33707, 20127, 83500, 9145, ],
[111231, 189795, 123021, 16509, 176320, 138019, 17521, 174809, 183525, 48101, ],
[61431, 21799, 97495, 104875, 69835, 123049, 175773, 193257, 44408, 79345, ],
[36744, 73441, 149780, 116633, 194064, 41252, 50750, 178163, 89757, 13368, ],
[12441, 9064, 14054, 25029, 173565, 132829, 168034, 177229, 152202, 145398, ],
[131127, 192346, 16005, 98927, 29670, 169236, 137788, 158177, 157128, 37084, ],
[13005, 7995, 90585, 82413, 138391, 30609, 104826, 111479, 2148, 79681, ],
[137080, 46888, 149087, 190148, 64393, 174230, 71351, 88308, 195883, 111807, ],
[67169, 3431, 107333, 42866, 136722, 84278, 88684, 84450, 62015, 6238, ],
[103978, 40779, 98252, 159326, 52157, 11163, 103924, 13159, 7770, 112065, ],
[120907, 193754, 38770, 111397, 24755, 20439, 26887, 196816, 80313, 82252, ],
[114962, 36400, 162342, 87938, 122001, 22397, 68284, 68520, 114944, 187017, ],
[46282, 2317, 7175, 13012, 53534, 55532, 192201, 55967, 39359, 104917, ],
[130821, 95996, 101121, 69233, 131325, 103748, 92807, 45918, 62635, 39519, ],
[45950, 118338, 165449, 178740, 8413, 627, 11380, 120941, 69963, 128613, ],
[186417, 170602, 69277, 40349, 11034, 134710, 39068, 164850, 158704, 35283, ],
[133017, 71874, 21046, 52125, 28547, 2463, 173999, 53758, 113659, 37877, ],
[187041, 39205, 150871, 97510, 194391, 129216, 145960, 1261, 10682, 150022, ],
[78934, 31103, 157686, 87710, 93134, 69839, 57280, 199898, 48573, 164278, ],
[16444, 147548, 109460, 72149, 162478, 13974, 144950, 130434, 52896, 194711, ],
[124795, 156542, 61685, 21530, 71591, 7540, 51626, 148176, 150320, 31775, ],
[148249, 129530, 100768, 87888, 138492, 198864, 46934, 52101, 62455, 97895, ],
[164313, 61293, 170118, 112599, 185257, 125416, 101049, 65138, 199613, 189094, ],
[147040, 5125, 136309, 52327, 51153, 7748, 107394, 110484, 84047, 71061, ],
[140773, 140543, 191452, 74564, 76501, 166309, 58748, 153308, 5508, 148401, ],
[67691, 83318, 120603, 90134, 36110, 179666, 3287, 56292, 76733, 117983, ],
[182523, 155117, 3717, 192057, 24700, 21661, 50438, 58887, 52925, 59236, ],
[169088, 11874, 150371, 29002, 28843, 28188, 182704, 44425, 99254, 187819, ],
[158293, 137429, 147915, 126876, 124287, 3490, 84736, 30897, 191633, 156504, ],
[113467, 141028, 80549, 190920, 190930, 173836, 34403, 2592, 40331, 94911, ],
[110827, 43398, 89092, 56976, 56123, 180443, 117692, 7574, 38012, 43180, ],
[106003, 25635, 188363, 20708, 1122, 166549, 5947, 66877, 196361, 59972, ],
[152577, 183920, 136600, 3389, 8318, 158829, 138248, 185688, 57835, 49135, ],
[101678, 149907, 38338, 35761, 131860, 83394, 80428, 109451, 199087, 124400, ],
[34722, 78743, 32314, 1194, 172362, 153899, 84155, 185516, 171319, 163377, ],
[18220, 81125, 61471, 171910, 11752, 20569, 23473, 53483, 115522, 73631, ],
[34291, 199729, 167526, 138895, 155484, 191287, 161737, 124347, 143417, 198897, ],
[96901, 69094, 187928, 23658, 93099, 581, 30811, 152571, 12544, 191198, ],
[50378, 82480, 157466, 172735, 176641, 160054, 68280, 96600, 15574, 40812, ],
[157744, 164414, 183988, 129285, 78796, 153227, 169498, 122726, 2632, 48929, ],
[100386, 48608, 28802, 94837, 53850, 97290, 142150, 91822, 166901, 89533, ],
[16839, 128610, 115094, 48587, 50745, 94552, 60044, 41481, 137229, 157085, ],
[20961, 49648, 89317, 67672, 69575, 54775, 116324, 165018, 71231, 150757, ],
[81057, 73865, 30033, 22279, 84587, 7477, 55633, 71038, 74593, 38585, ],
[69301, 62844, 63967, 6571, 131309, 165926, 155826, 16955, 147962, 59923, ],
[190871, 92103, 15589, 125734, 85271, 139323, 85567, 160566, 107663, 184881, ],
[133674, 106799, 46400, 181805, 111479, 22461, 150845, 123627, 71974, 138069, ],
[49070, 197478, 87711, 136531, 111325, 197317, 113329, 188877, 67517, 50896, ],
[97684, 8596, 173026, 84329, 74584, 30182, 153829, 164655, 169697, 2926, ],
[127174, 112982, 184950, 161164, 5520, 96163, 154649, 135592, 82988, 46409, ],
[171766, 174049, 117473, 82070, 84023, 189548, 65050, 79644, 21838, 34468, ],
[44015, 164520, 78820, 27293, 60497, 117145, 103516, 184165, 127354, 95742, ],
[33495, 40088, 15491, 78810, 186011, 174637, 125807, 160674, 79929, 167170, ],
[145598, 24350, 21186, 136489, 78850, 167445, 5341, 156393, 176871, 145624, ],
[63481, 198689, 60633, 29245, 8474, 44021, 136226, 81856, 103953, 15502, ],
[196568, 15895, 33559, 76903, 176323, 4827, 150689, 29160, 111881, 157720, ],
[86685, 36486, 69277, 166096, 126776, 5341, 170602, 49524, 171790, 54530, ],
[42628, 166371, 126328, 117891, 73497, 171630, 62204, 99791, 40920, 161553, ],
[31015, 72916, 52354, 101871, 124258, 110642, 26520, 93656, 79241, 144224, ],
[161908, 12451, 78349, 152869, 69835, 58902, 148655, 98227, 14318, 58290, ],
[30388, 152596, 12160, 183632, 199179, 14918, 65460, 84704, 21935, 184263, ],
[193725, 162067, 98846, 57771, 155074, 66116, 114773, 187982, 96913, 174547, ],
[13473, 141507, 33290, 30979, 85712, 132201, 172252, 41313, 131092, 14762, ],
[189078, 71213, 169779, 4857, 34539, 23339, 1411, 43586, 45541, 97271, ],
[10408, 79345, 31678, 146993, 168567, 14818, 86876, 94363, 164850, 160833, ],
[15544, 10881, 132123, 67786, 86876, 71708, 171865, 1927, 171849, 64233, ],
[16797, 117433, 131674, 162127, 191249, 26390, 37482, 168376, 87911, 60442, ],
[124836, 101232, 162877, 135593, 113476, 24369, 31270, 182424, 46326, 136012, ],
[192343, 52078, 2916, 143359, 85304, 144502, 114816, 78555, 118130, 66877, ],
[75385, 130482, 81451, 83657, 43700, 179715, 76501, 198564, 33785, 75009, ],
[176475, 164717, 175483, 31811, 104316, 95977, 30154, 140775, 180118, 128439, ],
[146715, 109058, 181087, 107591, 27674, 169558, 147950, 19204, 140256, 155043, ],
[2239, 107814, 150725, 167960, 109661, 44290, 89046, 25252, 178614, 130745, ],
[87754, 164627, 140789, 7552, 57582, 91315, 114637, 106830, 173026, 87785, ],
[109909, 181872, 70356, 99900, 125706, 10182, 44693, 68992, 51996, 152550, ],
[124744, 65627, 80120, 58857, 192473, 50198, 126054, 67325, 136581, 21705, ],
[139865, 128522, 126326, 74831, 136481, 159566, 76753, 143714, 111107, 134985, ],
[115101, 180272, 41635, 165440, 104380, 50956, 160108, 31490, 150406, 183271, ],
[71266, 76496, 177046, 78557, 123971, 18798, 93845, 170818, 20022, 146160, ],
[179801, 69709, 172362, 79363, 163377, 127563, 23918, 15169, 95670, 173209, ],
[175091, 196638, 155303, 46916, 52865, 45076, 7401, 32515, 163467, 161913, ],
[125425, 32178, 190423, 125676, 30711, 70577, 87118, 58769, 172587, 149451, ],
[79989, 144793, 36344, 86447, 102278, 158330, 45556, 103681, 192107, 93195, ],
[50989, 113731, 109624, 140791, 16074, 88703, 149321, 8726, 180647, 126067, ],
[135483, 84361, 175659, 37661, 72518, 188881, 103927, 113611, 22913, 132546, ],
[145080, 22207, 151403, 196747, 194902, 183005, 51387, 134662, 107487, 119477, ],
[31256, 62030, 184641, 37552, 10173, 68299, 62222, 153392, 35722, 109063, ],
[72230, 58566, 34046, 139730, 64017, 20258, 454, 136537, 19775, 29411, ],
[59606, 31702, 57145, 120812, 166216, 184950, 53222, 1875, 96443, 167969, ],
[28406, 70567, 156516, 52314, 96953, 85573, 148162, 101147, 53516, 162214, ],
[153966, 155214, 92032, 31619, 2335, 98445, 184422, 103440, 7992, 16330, ],
[103857, 128578, 71590, 141448, 123670, 168377, 13815, 44539, 154979, 96372, ],
[87628, 180929, 11337, 81379, 156638, 178696, 107966, 55325, 176106, 164229, ],
[26935, 170091, 118320, 96819, 3899, 121575, 72920, 57777, 63583, 150384, ],
[139190, 194885, 192351, 113419, 102415, 98595, 61836, 67792, 163016, 104434, ],
[106607, 196285, 161221, 19956, 164197, 106179, 80904, 195961, 61263, 54514, ],
[149964, 52611, 62730, 142128, 98340, 80417, 105857, 133117, 92977, 65093, ],
[170063, 114376, 124730, 174917, 161653, 175023, 48890, 135885, 151187, 147711, ],
[42820, 109380, 145928, 130472, 158045, 107772, 28508, 59360, 136929, 158803, ],
[83443, 189963, 139314, 74269, 135244, 25439, 122080, 87252, 84728, 142556, ],
[21193, 68056, 15589, 128433, 30953, 14105, 194397, 27160, 129435, 98200, ],
[114434, 140910, 76357, 180746, 173378, 68437, 125751, 45337, 61562, 83608, ],
[107693, 143644, 111741, 98552, 112957, 164531, 34491, 34528, 103922, 185555, ],
[70894, 123434, 98783, 117506, 188982, 172419, 36572, 166207, 181147, 46162, ],
[98461, 140474, 87588, 93506, 152713, 31638, 59164, 13296, 137722, 90044, ],
[23279, 143931, 178926, 32509, 5856, 118389, 101828, 12858, 179081, 186666, ],
[42989, 112220, 150780, 65758, 42940, 24317, 32567, 151829, 96120, 150831, ],
[76272, 42023, 89722, 114498, 187518, 124054, 148792, 159689, 89420, 103790, ],
[41429, 124801, 119519, 44298, 69499, 79907, 133415, 26788, 25304, 15895, ],
[149044, 3347, 114013, 99519, 32289, 76900, 150126, 163079, 67883, 137121, ],
[130919, 38590, 156415, 113152, 78518, 2905, 111843, 137190, 21262, 85309, ],
[169228, 191591, 153508, 160063, 166873, 44605, 59172, 146275, 102762, 155155, ],
[188277, 51196, 155420, 103938, 139570, 15845, 17902, 14800, 21876, 193038, ],
[110736, 182454, 123980, 174520, 156410, 109684, 4866, 149686, 43223, 60700, ],
[71725, 14620, 4640, 79989, 64670, 45556, 102296, 123855, 173617, 126700, ],
[137022, 62075, 152316, 108815, 165365, 195415, 14438, 198235, 140549, 92771, ],
[63756, 184911, 187900, 75994, 64924, 29601, 74557, 19753, 20279, 195640, ],
[176747, 189026, 109043, 33324, 122411, 22427, 98853, 95372, 195097, 134378, ],
[152365, 49327, 197801, 64552, 21540, 37780, 185673, 66589, 82758, 73358, ],
[100688, 161390, 130895, 153288, 170813, 174222, 49586, 7256, 24628, 22467, ],
[68339, 26722, 62572, 143513, 157947, 80645, 46844, 176242, 94347, 129316, ],
[17609, 72803, 197143, 45284, 15571, 37699, 89840, 92135, 76261, 41309, ],
[186246, 163243, 151999, 148993, 28366, 53293, 183415, 194536, 75979, 60598, ],
[49380, 18304, 196931, 121590, 162757, 7482, 136561, 115002, 121040, 69979, ],
[37803, 109346, 43322, 82897, 45671, 21402, 171562, 45767, 170581, 111152, ],
[79900, 94637, 59549, 6692, 137705, 79027, 71264, 25951, 70133, 179987, ],
[140555, 30802, 30003, 7256, 104992, 26047, 85280, 90791, 193298, 57299, ],
[22711, 181210, 139142, 30978, 47090, 175084, 29970, 195014, 172905, 74412, ],
[68883, 162919, 80919, 89614, 72071, 107059, 106700, 55101, 38798, 45394, ],
[24590, 98372, 186721, 171584, 92189, 199181, 146354, 50919, 126977, 55304, ],
[66198, 71636, 184935, 8543, 126169, 21469, 43231, 3459, 31150, 54924, ],
[37613, 159542, 7700, 169483, 176951, 157925, 32379, 96606, 170372, 43722, ],
[52014, 38807, 82394, 46209, 22668, 8038, 139043, 108286, 146638, 81880, ],
[97742, 93707, 25191, 45648, 175193, 74244, 131476, 142390, 99788, 116673, ],
[173236, 51942, 156980, 93674, 27882, 47931, 15159, 164006, 181141, 17861, ],
[80323, 12428, 180985, 172640, 61126, 108254, 81616, 29416, 60690, 94136, ],
[87506, 69699, 131212, 60604, 9190, 6343, 28124, 101101, 49458, 150288, ],
[29977, 156214, 122163, 10192, 44275, 183744, 91595, 44083, 15502, 57976, ],
[27664, 118616, 91439, 128570, 24901, 89182, 14085, 38627, 166581, 6056, ],
[47014, 84306, 136616, 60638, 6806, 23676, 47614, 24014, 168198, 30603, ],
[106735, 109623, 51044, 9604, 158293, 35604, 161857, 154953, 130090, 58428, ],
[31623, 27580, 164484, 121236, 30575, 78526, 158982, 134909, 112646, 57186, ],
[1909, 17581, 44001, 170269, 42753, 149201, 16016, 93282, 25026, 198781, ],
[146076, 180814, 93342, 40696, 51961, 44444, 30819, 145691, 195758, 34422, ],
[55069, 111046, 186822, 186231, 182166, 5876, 177705, 28628, 38729, 153641, ],
[163855, 125795, 124347, 75112, 125106, 73884, 192303, 148470, 138895, 156349, ],
[161465, 53462, 176356, 170974, 84142, 156016, 7021, 28555, 34845, 11674, ],
[68949, 191804, 27396, 173912, 174666, 125086, 153859, 33387, 56029, 70944, ],
[98152, 6052, 12983, 104307, 86356, 155088, 179890, 163983, 14060, 171661, ],
[88795, 114222, 130865, 182060, 10099, 139660, 124195, 63929, 154590, 66613, ],
[131061, 103272, 88005, 25429, 107462, 105331, 86944, 109307, 62924, 145178, ],
[196931, 182684, 81416, 174213, 142537, 7767, 136241, 199302, 51796, 20563, ],
[59420, 107823, 82648, 194255, 44933, 172484, 48892, 69175, 188403, 61971, ],
[142151, 39663, 86180, 189437, 47759, 2063, 37044, 100154, 188106, 138752, ],
[118983, 105743, 183810, 71814, 153979, 187040, 68172, 23747, 25520, 4453, ],
[66511, 154954, 43004, 89093, 161732, 136668, 84953, 133193, 156299, 179755, ],
[147299, 93619, 74091, 176924, 183298, 133199, 104676, 106492, 54584, 183966, ],
[163719, 86173, 35389, 35259, 20536, 119217, 132849, 11107, 59918, 65721, ],
[98284, 85693, 111778, 124548, 136450, 49388, 107541, 48364, 172417, 122587, ],
[124958, 133545, 10954, 121674, 168607, 58078, 35998, 15527, 167386, 8993, ],
[159104, 12321, 20188, 17861, 181752, 136353, 143946, 64572, 102065, 153899, ],
[37530, 144802, 119615, 14167, 13012, 76966, 191424, 104917, 68218, 12156, ],
[6323, 194295, 55530, 17799, 167907, 37482, 108573, 117433, 143560, 152590, ],
[116240, 48846, 165880, 74739, 63239, 66904, 32539, 140207, 26366, 32968, ],
[48044, 8170, 73227, 162649, 192282, 16497, 79476, 164531, 121706, 85051, ],
[158010, 170194, 4013, 139545, 17702, 120240, 172163, 74726, 100887, 85443, ],
[102637, 183814, 44964, 127541, 89557, 2755, 185090, 7214, 165921, 56716, ],
[76277, 49563, 145131, 107313, 132195, 84237, 9631, 188263, 175903, 66284, ],
[106330, 87315, 123363, 173057, 174937, 67456, 164479, 142371, 28733, 18460, ],
[137363, 178951, 100363, 198281, 21669, 153016, 12287, 81616, 1873, 95912, ],
[153227, 815, 122104, 110959, 145412, 164863, 160470, 89223, 97685, 6080, ],
[184959, 52642, 18747, 133483, 141736, 91386, 143919, 162737, 135767, 83807, ],
[191822, 69964, 85581, 134442, 108317, 143927, 21991, 118582, 144873, 150531, ],
[65245, 120734, 35510, 120934, 47827, 159042, 137539, 12401, 107858, 167844, ],
[167771, 103411, 191077, 198575, 104678, 126701, 122776, 98261, 162006, 94640, ],
[89995, 185565, 51349, 103809, 171710, 189929, 171400, 89533, 82832, 19864, ],
[151390, 171785, 75853, 151366, 122453, 168953, 111834, 13998, 102411, 69564, ],
[127702, 182289, 12979, 93047, 14372, 26257, 4008, 195657, 92149, 161981, ],
[173463, 115941, 42480, 186405, 97200, 39966, 130936, 39566, 126507, 15992, ],
[183875, 71771, 159354, 98625, 73699, 81590, 71524, 144858, 185152, 31839, ],
[102633, 14112, 23212, 50654, 141970, 54120, 166486, 47440, 26503, 182711, ],
[23498, 83054, 184028, 55644, 110522, 95221, 44364, 192194, 45918, 115917, ],
[46272, 52123, 167220, 100326, 65549, 170323, 109909, 18380, 191836, 58928, ],
[143236, 83831, 120018, 186723, 27750, 124971, 57373, 169581, 194847, 70846, ],
[64544, 19781, 140927, 81191, 4233, 102446, 166242, 27823, 151179, 109159, ],
[74342, 188393, 33930, 93761, 3645, 33754, 157479, 83367, 22598, 89287, ],
[13857, 147955, 134943, 147884, 1052, 118290, 101441, 45465, 110149, 118151, ],
[41978, 20222, 169726, 82366, 38944, 122299, 175847, 65895, 180356, 41871, ],
[11138, 195305, 1944, 176031, 40407, 168901, 13170, 194963, 182780, 56052, ],
[103019, 98744, 49361, 37020, 174662, 150295, 20032, 16984, 65094, 130473, ],
[84913, 20417, 138980, 51204, 189517, 146636, 98600, 52436, 165559, 167770, ],
[126467, 145537, 45928, 49510, 139003, 100828, 127813, 191843, 113664, 151046, ],
[122184, 48260, 134880, 123052, 40425, 195156, 7445, 139602, 167684, 78302, ],
[49722, 185875, 195464, 137572, 192776, 47008, 42782, 88643, 9585, 160853, ],
[199277, 44670, 146227, 93578, 13378, 186949, 93467, 557, 62580, 109158, ],
[51356, 197770, 160316, 138851, 161932, 126131, 75597, 133029, 40646, 88678, ],
[83456, 100816, 125985, 191907, 168201, 160910, 129352, 184646, 1366, 182089, ],
[183203, 36446, 78393, 159728, 58290, 43586, 3812, 67873, 93836, 133717, ],
[88901, 191891, 124388, 58271, 41248, 5765, 151562, 189825, 14694, 20495, ],
[21415, 104860, 46847, 171046, 65257, 164664, 63239, 41097, 162006, 117742, ],
[72320, 151845, 194713, 131021, 195567, 166142, 110690, 59744, 145702, 34880, ],
[183756, 82373, 150079, 162860, 120794, 132055, 77930, 122998, 174160, 106253, ],
[166313, 5941, 27575, 161536, 113535, 54938, 49853, 104302, 88467, 172522, ],
[170108, 164999, 160910, 159809, 182089, 114856, 4200, 78046, 96388, 30243, ],
[177439, 164338, 54267, 104171, 80603, 108945, 33403, 93128, 147175, 155116, ],
[71358, 92890, 14517, 43093, 50182, 75627, 84462, 40929, 46755, 44721, ],
[196676, 101934, 187539, 186524, 136384, 153752, 28778, 67686, 32748, 135969, ],
[64050, 32001, 199396, 3734, 144638, 43753, 144126, 150050, 45722, 59617, ],
[112838, 33441, 105330, 37277, 65941, 103501, 84874, 95336, 93128, 76966, ],
[106940, 170565, 8025, 44083, 61666, 42634, 175134, 87024, 3989, 47030, ],
[178619, 103994, 180272, 96288, 40099, 128848, 66698, 91598, 48357, 181161, ],
[156582, 14101, 163467, 80610, 107339, 196535, 162261, 120478, 39373, 50881, ],
[121709, 58487, 175874, 188158, 177107, 188008, 16083, 163297, 27103, 14105, ],
[135725, 163059, 4296, 78745, 164240, 48452, 171928, 172935, 131240, 46181, ],
[61902, 127280, 51701, 64954, 113157, 59511, 22289, 179187, 146530, 84497, ],
[188751, 181728, 85635, 113481, 11820, 131515, 67985, 163656, 135682, 8206, ],
[52605, 15697, 134475, 168543, 57172, 120093, 189514, 161750, 59698, 188668, ],
[62560, 153230, 165805, 141197, 8436, 37013, 116033, 80815, 166142, 129404, ],
[161214, 123008, 134877, 189680, 98966, 153308, 155689, 61823, 32046, 107498, ],
[4947, 170303, 90635, 166690, 8405, 69708, 98420, 86857, 137342, 184912, ],
[84972, 76697, 7222, 34626, 171044, 106993, 145682, 185838, 60285, 168135, ],
[171096, 174067, 131765, 141486, 191449, 128963, 2118, 86154, 194860, 19492, ],
[177523, 111426, 138410, 10261, 1297, 64835, 47060, 9414, 50406, 197640, ],
[129934, 179905, 57395, 28206, 80994, 59976, 166871, 123068, 166686, 9407, ],
[9552, 191801, 7423, 144473, 196977, 58339, 165624, 57626, 82257, 116503, ],
[81785, 113838, 155039, 71955, 12772, 169230, 176309, 27539, 138675, 136582, ],
[148677, 111465, 145013, 102883, 127482, 42292, 113783, 117514, 45489, 54517, ],
[9033, 101056, 108626, 125992, 146653, 84375, 85588, 49332, 141436, 168380, ],
[33632, 2807, 114830, 141556, 116011, 132468, 173867, 165921, 183384, 48263, ],
[158790, 57779, 57392, 71671, 140103, 39211, 195975, 107498, 6556, 90345, ],
[48284, 79482, 147585, 88316, 157784, 152157, 50777, 157431, 125709, 197894, ],
[191746, 139253, 115367, 97063, 57626, 82849, 54008, 14410, 148173, 47187, ],
[108628, 21991, 82998, 56222, 119417, 80432, 165299, 126722, 177991, 132665, ],
[171864, 137030, 17506, 26603, 159428, 59154, 163963, 104138, 182901, 74875, ],
[100732, 34654, 89866, 93761, 157479, 44015, 174540, 147375, 117922, 24611, ],
[33456, 111880, 190028, 59660, 71208, 172115, 174760, 171521, 2054, 17300, ],
[199565, 160531, 74762, 156890, 139106, 197203, 178146, 192194, 64579, 62469, ],
[172284, 69725, 160096, 181047, 46954, 9186, 83389, 39595, 33361, 18155, ],
[19660, 110795, 89869, 152115, 160411, 76162, 98113, 52183, 72478, 137045, ],
[144378, 25808, 108482, 73074, 126923, 157950, 28978, 131934, 7378, 136656, ],
[41846, 19972, 182622, 125621, 51074, 102952, 166586, 152910, 31310, 177491, ],
[85829, 184621, 177890, 50883, 158837, 117191, 102407, 167960, 107814, 106796, ],
[123344, 2334, 12427, 88027, 2742, 18106, 93114, 35928, 70686, 135695, ],
[148402, 100349, 18942, 176152, 58887, 160353, 100206, 67341, 51221, 166433, ],
[198854, 50198, 11030, 103465, 170194, 156679, 78542, 174023, 108742, 178714, ],
[195116, 138287, 153193, 69933, 105652, 189035, 8364, 180242, 84114, 23430, ],
[153601, 18815, 146558, 103650, 183589, 66736, 116344, 171626, 23668, 45693, ],
[40052, 28628, 133890, 56612, 20052, 111046, 68321, 26208, 55069, 59189, ],
[174244, 127828, 173019, 46043, 144631, 86721, 197774, 85203, 102655, 131707, ],
[172849, 102057, 192846, 11352, 90360, 109339, 128105, 102197, 14490, 14729, ],
[48852, 160081, 34207, 160660, 68642, 26212, 89265, 185027, 120764, 135059, ],
[5821, 83590, 76574, 30208, 91284, 86958, 103155, 30456, 12642, 8851, ],
[28802, 143356, 194902, 3139, 2176, 105910, 151403, 173965, 23023, 24882, ],
[140571, 55636, 41504, 9177, 144409, 113882, 196675, 140904, 17945, 1544, ],
[100003, 11126, 119511, 74939, 123132, 169140, 83532, 141499, 103595, 77572, ],
[104067, 50292, 128011, 169423, 6948, 757, 17326, 39479, 24168, 57320, ],
[129750, 181729, 38793, 143284, 56265, 17303, 26745, 181341, 184849, 15634, ],
[74838, 169026, 66923, 95360, 139794, 173632, 137142, 90109, 14311, 17600, ],
[169627, 184577, 86057, 194734, 191013, 9022, 69944, 1516, 31148, 49605, ],
[95761, 124558, 146978, 6813, 67507, 28980, 57554, 184878, 29750, 28309, ],
[145702, 162234, 93346, 188151, 67081, 58499, 48549, 195044, 195909, 54703, ],
[44577, 108981, 7235, 162587, 159064, 65443, 184225, 101294, 61260, 149132, ],
[80668, 129216, 26235, 188642, 82451, 92558, 100653, 77853, 177640, 148711, ],
[171825, 170945, 137872, 46640, 29467, 105944, 49011, 110834, 98327, 68586, ],
[55154, 86804, 197605, 21982, 26803, 17434, 129877, 118853, 127911, 172163, ],
[8725, 159190, 119801, 39528, 8720, 143927, 64556, 82400, 156837, 81471, ],
[64272, 104614, 138399, 197938, 134198, 192260, 179414, 5156, 172251, 25186, ],
[29979, 83884, 38044, 92518, 28889, 41786, 191058, 191478, 147800, 170188, ],
[7605, 169576, 139490, 92890, 162815, 83465, 152352, 6410, 176941, 132448, ],
[6747, 37419, 79934, 155156, 199984, 2419, 114864, 58769, 43821, 27996, ],
[46022, 100160, 13076, 155570, 30228, 35534, 24382, 181388, 123190, 179600, ],
[136512, 108470, 89200, 194861, 37908, 85413, 165250, 178453, 121519, 132243, ],
[41978, 89165, 133279, 121522, 58208, 40172, 115289, 106989, 133017, 139977, ],
[47478, 120426, 111885, 31425, 88836, 15966, 187157, 165608, 127068, 30850, ],
[151871, 106949, 23149, 36590, 4502, 67392, 98285, 2865, 188393, 86829, ],
[41878, 103053, 172681, 14764, 5224, 46783, 133592, 117954, 61303, 122074, ],
[149746, 15907, 46017, 184114, 93647, 19519, 99533, 74, 33328, 84450, ],
[104609, 66275, 172038, 138991, 89413, 103829, 176731, 5351, 106518, 79955, ],
[172696, 73361, 79014, 51493, 67655, 133633, 170108, 198231, 46790, 130842, ],
[131325, 176752, 103748, 13152, 6325, 143974, 160432, 55677, 7011, 5247, ],
[150813, 161511, 93661, 165715, 101825, 164161, 64090, 32442, 154673, 60811, ],
[142539, 14475, 123811, 48411, 51490, 96022, 4913, 3370, 151239, 135769, ],
[192618, 983, 125458, 101455, 185595, 123607, 194289, 75238, 66908, 149486, ],
[81955, 159571, 183966, 23933, 22727, 86232, 4467, 138367, 106492, 81323, ],
[10708, 49757, 7139, 194460, 28160, 15214, 88990, 177337, 170558, 136334, ],
[165799, 40580, 48974, 35910, 107103, 12581, 43278, 146692, 74749, 34675, ],
[122013, 192422, 111160, 86206, 116194, 48199, 185979, 157362, 143379, 124713, ],
[1912, 37298, 183664, 37900, 168349, 3718, 125329, 98430, 111549, 131364, ],
[87610, 82111, 37682, 165062, 124560, 34153, 106856, 196111, 105517, 184720, ],
[159368, 119759, 10328, 164863, 112371, 15708, 111654, 151403, 147482, 123463, ],
[124041, 100346, 185415, 20389, 31327, 113824, 15365, 155766, 145089, 57045, ],
[91102, 82477, 150079, 187624, 83679, 46634, 13262, 104437, 193857, 132055, ],
[135136, 25080, 151360, 80219, 107279, 13883, 140354, 161952, 156428, 163613, ],
[162162, 15080, 10233, 6846, 14183, 62426, 22538, 17893, 58843, 41860, ],
[23105, 157032, 174667, 9289, 29775, 104380, 177517, 63448, 104107, 165610, ],
[1843, 106108, 128464, 26092, 92100, 63227, 102675, 39294, 87128, 29940, ],
[85597, 195158, 149640, 105588, 40604, 39506, 25698, 165180, 162043, 193673, ],
[124875, 108085, 132474, 1061, 4114, 29644, 97193, 190225, 156011, 9175, ],
[121824, 41806, 72830, 197635, 64765, 127958, 107339, 7240, 51157, 8916, ],
[101715, 5156, 134217, 30000, 53636, 101856, 126006, 192260, 138869, 158417, ],
[43461, 69208, 118529, 108107, 55778, 128751, 89667, 1601, 133284, 40879, ],
[155670, 5992, 190838, 76923, 31256, 24569, 121112, 59848, 42540, 91512, ],
[197121, 42134, 45336, 130817, 47648, 4732, 99459, 91321, 39055, 197330, ],
[171036, 185991, 196939, 91663, 25901, 67437, 147262, 87701, 69099, 58887, ],
[10270, 80647, 186984, 81394, 4746, 127178, 147479, 99993, 26144, 100654, ],
[91945, 185267, 144542, 57654, 192838, 102687, 113936, 112370, 154760, 103648, ],
[41568, 69213, 126420, 162815, 54880, 2702, 33650, 140102, 11975, 61977, ],
[155231, 195118, 120082, 184520, 57707, 99355, 179674, 144473, 24073, 140574, ],
[3487, 56694, 35668, 128416, 116570, 119673, 171114, 142408, 19853, 50881, ],
[148032, 145307, 29970, 126900, 62377, 114611, 83549, 107743, 125579, 57699, ],
[191687, 104954, 86051, 163158, 9512, 162714, 126858, 165611, 98275, 33823, ],
[168229, 40937, 147072, 128812, 40388, 79131, 79325, 144163, 108223, 30584, ],
[176046, 153966, 98445, 179796, 8156, 164588, 112378, 189960, 153584, 16033, ],
[69998, 9339, 75101, 88683, 145702, 88163, 130494, 84847, 70727, 50144, ],
[177093, 65318, 2683, 118440, 80468, 75784, 151050, 49609, 117878, 185979, ],
[177385, 176535, 198795, 107557, 3972, 26190, 88643, 145436, 22502, 126276, ],
[118671, 28564, 95997, 116648, 70504, 9807, 27478, 178985, 179067, 4512, ],
[137971, 119804, 67082, 186182, 139012, 14856, 106714, 171875, 67891, 125259, ],
[42476, 17605, 24015, 66773, 183985, 145793, 157541, 113691, 73083, 19345, ],
[31033, 107292, 61853, 118522, 98204, 16074, 129678, 10245, 152084, 91028, ],
[163667, 172877, 114285, 178745, 85551, 179181, 145357, 66677, 74595, 107993, ],
[128709, 69993, 926, 188231, 10654, 134306, 155194, 84450, 62015, 174646, ],
[178678, 152931, 54530, 62137, 166936, 161365, 188247, 109346, 138389, 2106, ],
[105010, 135938, 23584, 114564, 182095, 53270, 83870, 128732, 73755, 187471, ],
[27183, 102222, 17225, 168656, 2314, 178818, 26825, 5931, 132247, 11476, ],
[85236, 62153, 160735, 129326, 69333, 40036, 101522, 59762, 175974, 43071, ],
[111421, 43407, 75639, 48238, 65333, 72112, 149309, 175271, 92032, 159036, ],
[32808, 181292, 159036, 164246, 182070, 114136, 42542, 142160, 178330, 197531, ],
[91109, 137494, 138869, 146523, 124050, 95544, 183728, 36928, 4945, 89609, ],
[146931, 181316, 105213, 104678, 189679, 197996, 20691, 40077, 34194, 49881, ],
[57419, 50486, 184042, 158790, 81159, 72603, 195975, 177152, 188005, 179369, ],
[9796, 192462, 93540, 159867, 154260, 154918, 147600, 9090, 177813, 18240, ],
[2917, 176160, 65941, 55218, 49307, 101776, 136082, 29826, 140758, 175847, ],
[48487, 119080, 132603, 99286, 107894, 154150, 16638, 73699, 56602, 69956, ],
[199725, 61085, 157716, 147570, 2984, 166690, 99570, 512, 20800, 119417, ],
[54031, 105068, 119998, 150924, 4075, 169535, 110032, 104455, 102122, 21055, ],
[83438, 191100, 146761, 67142, 104562, 2550, 172906, 65237, 86086, 185588, ],
[23212, 14112, 42346, 50654, 15124, 38216, 91502, 121153, 162551, 89124, ],
[122095, 12712, 124076, 25919, 151764, 117646, 80858, 31607, 169249, 158272, ],
[54399, 30078, 165319, 189454, 646, 111146, 130816, 101803, 39176, 20787, ],
[42594, 6970, 8180, 54347, 74844, 65379, 42978, 6744, 166364, 128325, ],
[183261, 166380, 34776, 135642, 159874, 68753, 10598, 81592, 197753, 53896, ],
[151798, 58405, 148611, 14270, 156251, 2526, 145514, 56725, 173180, 158982, ],
[7676, 154421, 157746, 197262, 54988, 121192, 160677, 191957, 85226, 176334, ],
[154989, 29095, 101705, 62103, 145987, 118926, 184881, 132998, 36004, 195972, ],
[8172, 30454, 89912, 80710, 4417, 5819, 59636, 143840, 139709, 140020, ],
[151908, 175694, 125875, 25636, 109274, 63561, 7159, 83697, 122556, 143276, ],
[182230, 42291, 88774, 137802, 160082, 158644, 2473, 112336, 57118, 83925, ],
[19711, 142274, 69859, 74575, 82888, 60830, 28506, 145984, 180524, 113291, ],
[188605, 61643, 162451, 116359, 69841, 189308, 179206, 99511, 148503, 54422, ],
[160842, 178403, 46318, 164316, 77704, 155119, 169964, 36488, 12649, 133590, ],
[132322, 70911, 71969, 129106, 8090, 45953, 86412, 40179, 125646, 179457, ],
[32672, 96968, 172925, 174793, 84372, 146527, 134227, 43650, 172480, 77132, ],
[192584, 59996, 90653, 22936, 101837, 44008, 39316, 107223, 104041, 167083, ],
[176752, 101121, 123328, 39519, 107397, 53233, 162983, 10154, 108456, 83053, ],
[71076, 126888, 22684, 121522, 49983, 37262, 167290, 150851, 91023, 134515, ],
[144129, 149308, 13255, 163656, 10483, 183773, 179890, 164610, 157608, 180727, ],
[73710, 6113, 180868, 12706, 5890, 107280, 101760, 101751, 127489, 15277, ],
[131064, 191249, 87911, 191424, 140386, 79740, 42935, 14652, 48004, 25693, ],
[172911, 21122, 68274, 136278, 6234, 44790, 163436, 28735, 21532, 60259, ],
[188944, 147080, 119640, 141703, 59043, 22898, 29757, 59793, 191629, 190261, ],
[48974, 105365, 57437, 14167, 12905, 97185, 78733, 82929, 56544, 97598, ],
[27193, 34624, 72519, 69695, 48870, 114114, 51061, 50043, 91022, 67129, ],
[32117, 88186, 8971, 69451, 49352, 57011, 150180, 72169, 186174, 112776, ],
[144673, 56648, 27858, 142663, 162810, 47379, 129423, 5532, 124831, 134184, ],
[26816, 127545, 43245, 130015, 134415, 7028, 127110, 112610, 114282, 151923, ],
[176132, 99554, 66707, 104062, 138088, 10905, 11496, 129404, 59151, 61433, ],
[19190, 12396, 163689, 118007, 181416, 29557, 29410, 60231, 139112, 171803, ],
[17548, 76733, 70197, 199112, 75635, 82039, 52948, 40, 163916, 35048, ],
[199087, 79444, 3928, 142773, 47155, 163927, 161013, 87243, 193770, 135015, ],
[15713, 122934, 118000, 153893, 124462, 199336, 168548, 75231, 54231, 129710, ],
[108024, 93887, 126603, 142600, 196991, 133300, 100650, 9171, 64664, 50645, ],
[198791, 72432, 111752, 85608, 65770, 130827, 124659, 135569, 104989, 145378, ],
[188069, 105517, 43404, 134931, 106856, 46898, 113492, 164917, 67004, 105615, ],
[43407, 189628, 71006, 48605, 52505, 72112, 104877, 17996, 37794, 158604, ],
[171189, 58619, 155818, 23356, 29405, 192117, 45000, 104199, 31327, 7363, ],
[193541, 26113, 2608, 49499, 82311, 48353, 157241, 148880, 164131, 31341, ],
[145463, 148457, 88615, 46775, 25030, 156316, 116637, 156862, 25923, 13023, ],
[79442, 166803, 53746, 113289, 186665, 197802, 39552, 126483, 135909, 61612, ],
[172562, 74574, 53725, 4434, 83816, 26179, 23924, 178304, 4476, 18223, ],
[83438, 182313, 113740, 65237, 93876, 114408, 161492, 33263, 23427, 99062, ],
[120989, 183443, 196099, 118306, 29008, 184042, 13188, 91317, 12696, 171054, ],
[57348, 54880, 114037, 141537, 133863, 149474, 56053, 191332, 75569, 16167, ],
[19975, 148626, 41777, 144357, 23881, 119674, 126716, 84781, 49688, 74193, ],
[194478, 137471, 39541, 97468, 25319, 163698, 150933, 147910, 1265, 76460, ],
[132689, 28882, 73586, 196555, 75553, 46813, 181579, 129398, 180701, 134565, ],
[150646, 61549, 88553, 63122, 21209, 48825, 69689, 12693, 127996, 176346, ],
[66159, 109491, 135087, 114675, 190240, 120937, 74792, 93818, 149325, 88640, ],
[164179, 98382, 22844, 125246, 120918, 138911, 170761, 15997, 77540, 153392, ],
[18760, 56649, 154395, 58555, 131288, 195770, 198564, 137038, 31678, 106380, ],
[3001, 143208, 178601, 144358, 167155, 123893, 183676, 39700, 22827, 157215, ],
[36956, 47773, 62094, 178195, 174591, 1253, 98888, 26267, 35444, 20372, ],
[120366, 1210, 104456, 76521, 148849, 85149, 146829, 54925, 12708, 137739, ],
[35286, 17548, 74689, 106068, 112072, 141410, 194518, 149675, 68539, 101300, ],
[166896, 140566, 159679, 23208, 145870, 188944, 176878, 159829, 11586, 105244, ],
[197581, 45641, 66251, 40293, 13623, 164552, 25835, 93355, 132961, 195153, ],
[77026, 170604, 28919, 193665, 160667, 61493, 38340, 125187, 1425, 7126, ],
[65895, 42866, 138341, 20222, 169726, 114856, 145526, 185283, 86717, 23345, ],
[158723, 196586, 37850, 184239, 96208, 182901, 145775, 46835, 133460, 167653, ],
[154796, 142135, 154808, 67104, 21960, 128591, 86998, 75256, 195232, 5926, ],
[74726, 133804, 181727, 149118, 22068, 141277, 155244, 173616, 196361, 167439, ],
[135975, 119226, 71048, 81992, 112380, 56330, 79951, 195479, 62288, 88536, ],
[82444, 137614, 37482, 10905, 129404, 159569, 163039, 142657, 160192, 167907, ],
[141439, 169824, 13140, 128379, 156579, 95566, 24640, 144649, 100866, 78544, ],
[95765, 2763, 45387, 31961, 24701, 188471, 132650, 77283, 162224, 130167, ],
[111996, 141341, 13314, 65333, 130659, 128226, 113823, 193733, 164509, 65712, ],
[9581, 113542, 632, 66238, 150686, 13623, 177326, 93355, 48958, 142859, ],
[93836, 3564, 159243, 133651, 93593, 147553, 19771, 139247, 63709, 199877, ],
[111951, 44663, 48954, 89935, 114988, 13136, 36494, 114901, 169437, 183722, ],
[132023, 62788, 46152, 183141, 75206, 122469, 23189, 167043, 83250, 97133, ],
[194286, 164562, 81043, 190221, 72887, 125784, 145451, 63032, 47742, 35790, ],
[35911, 12073, 158479, 67782, 119512, 7477, 186386, 192708, 115285, 17106, ],
[91241, 129435, 134107, 81459, 173115, 44164, 113544, 15193, 40721, 121826, ],
[30324, 10934, 151021, 81510, 49576, 12428, 144839, 186642, 61126, 9356, ],
[19273, 32783, 101686, 13438, 172289, 176508, 160606, 168497, 161606, 101319, ],
[6371, 170945, 89991, 17044, 15819, 29467, 10407, 143850, 61207, 187397, ],
[180958, 110071, 178702, 196360, 109798, 158289, 14437, 133576, 85374, 90428, ],
[82813, 180236, 161236, 52496, 44508, 119961, 30819, 195990, 82766, 138397, ],
[180524, 146834, 196928, 64657, 59314, 171344, 130837, 19404, 107720, 154852, ],
[73826, 80033, 31624, 125159, 163241, 132402, 173021, 143956, 21796, 2944, ],
[69249, 199640, 167119, 156109, 188116, 21937, 146819, 12143, 82323, 114296, ],
[15001, 33981, 189442, 34803, 75274, 156246, 185255, 88429, 171945, 130600, ],
[169330, 136839, 34316, 102432, 42563, 158306, 91418, 58520, 20401, 125343, ],
[74838, 169026, 66923, 95360, 139794, 173632, 137142, 90109, 14311, 17600, ],
[107760, 140173, 137580, 139920, 39165, 26052, 9421, 180861, 126067, 165680, ],
[138783, 154399, 192451, 10789, 151902, 80253, 147120, 191660, 86072, 39476, ],
[140786, 175094, 84788, 153149, 34234, 140461, 50750, 98743, 92880, 83721, ],
[138378, 82846, 33580, 70682, 10395, 75104, 16400, 73598, 174366, 146602, ],
[45667, 163336, 73608, 138382, 28707, 147032, 148348, 163723, 152561, 167549, ],
[25346, 10598, 116771, 41532, 130035, 99346, 46787, 116968, 187413, 163801, ],
[160971, 88891, 158185, 53112, 176418, 168077, 175141, 193967, 41440, 125562, ],
[115522, 128249, 16601, 106078, 171052, 68439, 27854, 14008, 148052, 14570, ],
[113307, 20311, 106006, 98023, 23832, 98820, 191985, 104979, 94634, 100581, ],
[125016, 183368, 57105, 15571, 165441, 11843, 170077, 125646, 179616, 136029, ],
[18760, 56649, 154395, 58555, 131288, 195770, 198564, 137038, 31678, 106380, ],
[71162, 113237, 152156, 178725, 127014, 162256, 33143, 143207, 35151, 128384, ],
[137199, 82593, 133053, 32952, 136712, 95451, 55850, 141136, 171932, 44721, ],
[15283, 196819, 22015, 65692, 38033, 195949, 169297, 122271, 161365, 170273, ],
[37554, 98284, 177266, 110318, 136450, 152228, 19519, 169754, 175228, 96793, ],
[2031, 100790, 97628, 170836, 175149, 57835, 13260, 108633, 148469, 57504, ],
[8623, 136040, 41616, 161894, 26899, 92996, 157614, 30334, 50906, 83326, ],
[79042, 173685, 115451, 484, 185099, 111143, 168983, 138776, 131486, 55383, ],
[152399, 122497, 141553, 94510, 127164, 98833, 16282, 92768, 178472, 86341, ],
[86693, 155399, 161836, 157466, 33374, 74096, 134703, 196204, 78725, 171360, ],
[39712, 129180, 54566, 185006, 179039, 39822, 140129, 86395, 143276, 193333, ],
[166259, 40743, 162449, 131618, 191180, 132474, 109160, 102790, 100369, 78384, ],
[172381, 81505, 43066, 5410, 166393, 13410, 743, 128614, 150838, 108197, ],
[25141, 10332, 22012, 177338, 196527, 46338, 98680, 86289, 103216, 62420, ],
[111434, 112411, 3187, 96864, 109455, 61942, 31698, 6858, 198906, 77054, ],
[6698, 127911, 171374, 197605, 110595, 183752, 82351, 79461, 184912, 160265, ],
[78321, 40665, 4231, 99231, 144498, 143207, 119443, 81206, 121335, 127939, ],
[182660, 171540, 109639, 79333, 84981, 46786, 78530, 143205, 164516, 182467, ],
[196553, 191746, 43662, 2539, 99913, 165924, 158387, 146207, 37801, 105687, ],
[155027, 47379, 126192, 58885, 48329, 18800, 109175, 167879, 171344, 40700, ],
[41971, 690, 71887, 47042, 162773, 51073, 177057, 35668, 90049, 64529, ],
[27904, 72894, 56934, 146906, 65174, 130468, 114313, 52373, 70484, 48191, ],
[60426, 199330, 16680, 33395, 90558, 195112, 135221, 7660, 11476, 148408, ],
[124935, 192936, 65810, 58968, 71089, 117302, 11130, 160129, 123247, 13838, ],
[21239, 5156, 104756, 134217, 124050, 199769, 126006, 60401, 181718, 76046, ],
[8062, 85859, 124222, 191621, 135682, 56125, 60495, 65452, 45587, 68929, ],
[27126, 162051, 132055, 26616, 148546, 91102, 134581, 161105, 198061, 159570, ],
[133474, 179127, 53658, 35626, 151690, 197408, 197176, 102611, 137703, 115165, ],
[195819, 84818, 115382, 156659, 29567, 162443, 140860, 70432, 182337, 47072, ],
[79444, 197732, 90546, 163927, 169443, 132961, 28917, 168715, 56027, 58610, ],
[91241, 68537, 115230, 96593, 24101, 173433, 137475, 174603, 37262, 198864, ],
[158088, 50250, 182863, 133154, 1325, 67679, 48995, 146255, 198715, 25289, ],
[134746, 131735, 122317, 94489, 37414, 191866, 148212, 71874, 140862, 140453, ],
[111314, 13998, 173625, 173183, 63176, 97702, 168381, 178210, 191637, 137811, ],
[63294, 97157, 4306, 190091, 52482, 125294, 127586, 130727, 187648, 157577, ],
[25504, 79628, 93817, 41209, 104744, 19812, 74817, 144069, 68600, 121910, ],
[193857, 153616, 87378, 70158, 31148, 4712, 119497, 93900, 35534, 46634, ],
[21974, 66588, 133146, 38214, 15441, 156814, 25762, 100997, 195692, 109803, ],
[166579, 815, 194898, 101313, 96950, 147482, 110959, 43781, 109185, 15340, ],
[14987, 59653, 27802, 83894, 148409, 45731, 164655, 63375, 93355, 170820, ],
[195326, 16183, 148050, 184710, 125479, 25200, 117946, 183750, 182915, 170875, ],
[190406, 66356, 29175, 56150, 195972, 79340, 98619, 144098, 23740, 174559, ],
[43625, 115661, 95540, 14365, 41672, 27553, 17403, 174603, 71559, 24670, ],
[132203, 84591, 100166, 83971, 97256, 44359, 154523, 155513, 10564, 152657, ],
[41003, 120837, 25953, 30703, 95982, 122096, 187984, 194385, 86998, 57599, ],
[95446, 156473, 81277, 127791, 111213, 171732, 16694, 56930, 87785, 103978, ],
[192131, 108160, 185674, 119, 21384, 120847, 91458, 138567, 186013, 98670, ],
[178953, 12226, 119801, 91066, 153109, 132665, 164910, 16897, 41221, 60378, ],
[111810, 56112, 121674, 133981, 185585, 68286, 21497, 196845, 15847, 111436, ],
[146232, 139723, 188575, 94116, 160905, 137331, 73222, 90086, 63129, 53858, ],
[148319, 164822, 176346, 185583, 13241, 116555, 139182, 134335, 153777, 51963, ],
[184803, 156521, 118062, 107317, 36310, 174254, 144520, 54011, 172123, 63197, ],
[8918, 146542, 195073, 122625, 27904, 106019, 90635, 70484, 67442, 172164, ],
[192630, 196393, 104739, 96987, 150446, 194100, 160326, 66078, 143788, 123722, ],
[59763, 61862, 4075, 156516, 154196, 91840, 145065, 186975, 34791, 183338, ],
[122842, 92218, 88159, 120010, 90881, 153167, 83342, 47335, 106353, 135030, ],
[37661, 192445, 175659, 84361, 171933, 33017, 27844, 88086, 57573, 143688, ],
[13, 197254, 134312, 19336, 122844, 46584, 196432, 185812, 180304, 190032, ],
[69256, 67585, 141502, 66977, 73316, 55502, 62832, 21490, 145859, 56727, ],
[26147, 94596, 178116, 153308, 122525, 40170, 86722, 183085, 53877, 124263, ],
[44867, 113405, 188874, 147789, 55286, 141008, 105542, 149487, 27117, 78329, ],
[187111, 32266, 112398, 166084, 1408, 184996, 77015, 134495, 137164, 197421, ],
[194877, 6076, 145112, 170748, 64720, 4549, 110671, 94303, 186058, 116376, ],
[36340, 93436, 26543, 184665, 52825, 733, 84962, 4100, 121818, 40665, ],
[31824, 133763, 191764, 124199, 775, 199236, 127313, 75371, 183646, 119650, ],
[136874, 113678, 156421, 18460, 137160, 36196, 166332, 196928, 183426, 163995, ],
[196834, 195143, 165870, 145246, 8822, 48273, 114968, 183177, 98397, 21384, ],
[196541, 37384, 98697, 37977, 159529, 129027, 189505, 152256, 64419, 27638, ],
[46476, 34205, 37116, 134513, 114611, 70940, 194817, 91482, 99631, 20034, ],
[193325, 107002, 21197, 52752, 197487, 14212, 103738, 19594, 47933, 136102, ],
[165646, 125880, 96257, 177556, 68537, 36216, 160114, 50489, 123855, 170807, ],
[79097, 121630, 97490, 127528, 17256, 91807, 47795, 139825, 39956, 149684, ],
[66787, 197541, 42397, 34949, 173757, 82212, 28009, 177648, 111231, 186782, ],
[109927, 137164, 7473, 43955, 107214, 142418, 109193, 194611, 159398, 132480, ],
[117818, 103566, 119264, 38030, 174254, 29027, 51812, 126380, 38050, 52358, ],
[151366, 91543, 5108, 130332, 10723, 178133, 171199, 126445, 69467, 148304, ],
[39005, 123971, 80799, 86789, 132072, 183251, 121817, 96262, 190071, 30978, ],
[187761, 6479, 45289, 154981, 183912, 197330, 164177, 27921, 83799, 36759, ],
[47206, 1398, 77009, 48170, 28820, 160632, 120839, 132618, 79755, 58230, ],
[170229, 83835, 197592, 158732, 178100, 12685, 151206, 175645, 12145, 36731, ],
[187697, 103196, 78629, 25660, 97515, 4092, 103332, 177789, 143205, 68425, ],
[196364, 105427, 64561, 142883, 97961, 26864, 130895, 17058, 3909, 81471, ],
[126012, 72184, 31341, 171114, 120928, 19853, 32990, 62456, 160451, 100856, ],
[38927, 63150, 21037, 31173, 158416, 35795, 96026, 134144, 81924, 85694, ],
[121942, 64594, 79040, 88865, 159748, 179193, 99172, 186989, 60446, 87895, ],
[189442, 165274, 124291, 95451, 61674, 112413, 43142, 138415, 91852, 137199, ],
[23095, 190838, 186220, 167932, 184641, 94200, 172483, 197463, 192064, 62030, ],
[26948, 76146, 17724, 28627, 21384, 86435, 23687, 55985, 181134, 149907, ],
[151591, 149340, 124624, 184442, 182434, 745, 11391, 23809, 127408, 38797, ],
[175355, 142179, 166205, 196049, 62593, 184984, 9403, 97017, 149246, 174331, ],
[97036, 123980, 156410, 129718, 182333, 124788, 117440, 184546, 182454, 45456, ],
[69099, 12451, 134384, 161908, 187828, 193478, 54658, 108512, 93520, 43716, ],
[190149, 136699, 67003, 30427, 176978, 43880, 79931, 21005, 70323, 185927, ],
[127894, 94596, 80741, 190154, 56306, 7262, 141288, 145598, 145450, 24350, ],
[46921, 163956, 84290, 81085, 50221, 102413, 38311, 61151, 162274, 171489, ],
[86210, 133605, 138762, 81560, 3564, 184231, 28627, 171693, 16413, 13528, ],
[37231, 177762, 114294, 158781, 176905, 31521, 180044, 142297, 173618, 123939, ],
[184306, 61914, 135121, 121289, 126556, 124117, 98947, 18757, 163758, 112887, ],
[43961, 170458, 47575, 18677, 180940, 89935, 23676, 88146, 114988, 36494, ],
[107560, 176486, 65416, 76997, 108256, 129285, 141904, 37700, 83238, 72249, ],
[8569, 15221, 127891, 187217, 156246, 17955, 93129, 181056, 84619, 157297, ],
[40438, 140869, 172489, 75608, 170882, 91599, 108289, 185042, 125658, 6451, ],
[98899, 8713, 120369, 119809, 92727, 115310, 126280, 66042, 42278, 40130, ],
[178427, 193654, 20571, 86198, 153973, 123540, 187592, 99355, 54482, 48308, ],
[151011, 24439, 30031, 151244, 85563, 13378, 34546, 91452, 199277, 183909, ],
[61377, 32407, 35166, 113467, 82695, 150521, 40331, 80549, 149036, 160721, ],
[196052, 99622, 196708, 182696, 98007, 127586, 197444, 123181, 170207, 88624, ],
[108820, 114968, 18452, 66900, 8822, 149201, 67495, 47982, 102288, 9041, ],
[89698, 24100, 51628, 5021, 11594, 8891, 109993, 122347, 185176, 147654, ],
[102762, 126550, 127537, 51044, 25756, 108515, 149513, 131303, 168872, 148018, ],
[52791, 46258, 73621, 158910, 154172, 26956, 119229, 31643, 127825, 79603, ],
[143801, 115582, 167062, 22148, 68360, 156693, 68961, 121274, 81595, 113222, ],
[174505, 45647, 90018, 10377, 144753, 64299, 186161, 148783, 114951, 194261, ],
[120853, 129427, 9604, 82551, 131039, 193869, 193754, 131240, 55983, 128251, ],
[174760, 67067, 96557, 171521, 61753, 133767, 146129, 110298, 175787, 181704, ],
[99525, 24350, 6288, 161403, 101652, 107940, 23621, 187669, 78850, 182576, ],
[103304, 197056, 184627, 100425, 174388, 21047, 23800, 116097, 8805, 65190, ],
[165303, 71680, 169672, 40191, 92223, 197933, 112711, 190252, 94552, 90002, ],
[193751, 72249, 99280, 140435, 186696, 18950, 25308, 140758, 33091, 137788, ],
[86619, 93045, 134199, 18815, 117029, 102428, 78636, 141013, 45693, 177606, ],
[5331, 175500, 44529, 119840, 165071, 106796, 68393, 181847, 16647, 78849, ],
[157944, 21067, 111615, 128079, 128147, 16236, 10931, 84281, 30961, 111292, ],
[114025, 74459, 196394, 29161, 18347, 147256, 142614, 52660, 44061, 96305, ],
[176623, 126206, 195854, 131501, 53758, 109446, 9796, 75553, 130988, 168553, ],
[97457, 114263, 130789, 192871, 134947, 67024, 78897, 108432, 96695, 182186, ],
[18746, 55850, 111000, 18646, 95451, 147387, 126420, 54479, 57373, 149900, ],
[6325, 84492, 193202, 126970, 141867, 23498, 6034, 197955, 540, 173068, ],
[153416, 182214, 127086, 64518, 22628, 137483, 3158, 190799, 72153, 16970, ],
[142799, 98420, 95869, 8405, 18919, 147388, 24130, 7471, 96243, 167304, ],
[81455, 114816, 10301, 193783, 39746, 109043, 138567, 117015, 112695, 180689, ],
[106386, 57353, 108431, 59336, 117582, 58754, 155016, 30467, 130297, 14752, ],
[82738, 188158, 137033, 136567, 6665, 27103, 149, 24410, 167073, 74681, ],
[128514, 179958, 139900, 108819, 130864, 149185, 152681, 58996, 94415, 29178, ],
[12426, 143759, 66142, 109455, 127647, 80387, 164355, 77054, 10778, 173780, ],
[63676, 146495, 95856, 138495, 114689, 136647, 80055, 78862, 89035, 115246, ],
[87903, 186947, 70166, 115815, 98548, 14294, 143411, 105324, 149791, 5749, ],
[38812, 63159, 121137, 134020, 108702, 183564, 145921, 64614, 166889, 16042, ],
[155314, 94759, 123148, 86284, 26861, 182456, 64101, 70920, 193847, 163757, ],
[81574, 90312, 122817, 67688, 100723, 114922, 91582, 48284, 81838, 165444, ],
[146690, 186529, 81432, 50807, 125159, 152900, 116789, 170173, 55730, 199569, ],
[93110, 195008, 30898, 131734, 155055, 7900, 96158, 169583, 11594, 30383, ],
[120095, 166307, 93246, 184787, 102108, 61406, 76755, 15401, 31811, 154162, ],
[85855, 46759, 23097, 120990, 51963, 64614, 78894, 194282, 43134, 54428, ],
[115342, 183221, 41844, 78883, 188953, 130909, 706, 13045, 3910, 111426, ],
[7660, 93765, 65308, 13027, 165094, 115882, 113457, 26242, 178375, 144483, ],
[197831, 8625, 125478, 146615, 124195, 182060, 88795, 124329, 114222, 130865, ],
[5203, 109434, 115079, 146629, 65720, 90159, 83250, 105956, 84847, 147316, ],
[63746, 154852, 127552, 104839, 3420, 19566, 107720, 185970, 173026, 158270, ],
[128888, 191135, 90079, 99182, 61501, 90026, 113943, 67052, 2014, 152797, ],
[6339, 30819, 133234, 46421, 181577, 196845, 4123, 15086, 9026, 40830, ],
[39719, 169984, 9972, 85265, 48398, 192327, 24966, 76733, 189182, 86986, ],
[178544, 158595, 198531, 63620, 160866, 87323, 43241, 43445, 82760, 46156, ],
[182556, 29411, 65416, 108256, 13, 92151, 17646, 19336, 182780, 134115, ],
]